500
344 231 508 1131 1588 1716 2301 4545 4672 5833 6913
345 416 446 1811 2473 2951 3051 3317 3927 3934 4070 4697 5546
346 3189 3354 4417 4605 4669 5131 5148 5371 5404 8396
347 665 1454 2991 3256 3746 3870 4506 4519 4552 4780 5431 5708 5996
340 166 314 398 643 661 760 881 1086 1686 2247 2283 2330 2831
341 384 464 576 583 791 1717 1765 2027 2488 2616 4497 7361 9453
342 45 465 841 1092 1398 1567 1733 2482 2674 3532 5898
343 3555 4292 5018 5405 5568 5612 5670 5707 5888 6482
348 81 430 951 1271 1351 2242 2465 2834 3818 4105 4325 4883 4903 6511
349 3 303 511 1435 2114 2174 3344 3701 4805 5325 5420 5511 5726 6451 7012 9443
298 1014 1249 1648 1700 1965 2198 2793 2923 3248 3265 3840
299 101 182 838 975 995 1668 2481 2526 2876 2921 3085 3949 6836
296 1272 2192 2253 2399 2538 2579 3178 3708 4484 4848 4986 5050 5448 5802
297 1620 1930 4106 4272 4391 5563 5587 5685 5694 5709 6218
294 577 1095 2140 3450 3808 3941 4342 5137 5229 5257 5478 5482 5700 6712
295 368 369 421 1143 1891 2124 2131 2160 2287 2917 5995
292 578 1004 2553 3716 5046 5220 5369 5398 5449 8618
293 129 1352 1720 1841 4531 4841 4944 5094 5179 5233 5251 5362 5510 5933 9713
290 391 857 2238 3804 4124 4245 5021 5062 5274 5613 7285
291 437 667 821 1098 2304 2389 2544 2791 3104 3890 3962 4181 4937
199 302 706 1146 1154 1375 2237 3205 3627 4018 4949
198 184 562 1067 1601 1932 2186 2642 3109 3226 3477 3493 3756 3772 3897 4828 5581 9842
195 625 1090 1495 1552 2804 2904 3077 3436 3971 4858 4963 4996 5016 5180 5771 8711 9615
194 785 1814 3763 5222 5423 5508 5545 5550 6477
197 1278 1353 2010 2015 2688 4259 4690 5001 5151 5635 5793 7439
196 417 2612 3314 3611 3853 4015 4131 5399 5429 5443 5556 5567 5675
191 2223 3666 4370 5160 5533 5591 5599 5644 5650 5651 6336 7864
190 628 664 734 864 1332 2246 3269 3595 3942 4141 5164
193 154 907 1100 1279 2387 3072 3207 3766 3774 4255
192 771 1463 1875 1986 2119 3220 3497 4980 5106 5302 5513 5823
270 2968 4069 4085 4361 5070 5265 5657 5723 5805 5807
271 192 515 599 1094 1339 1501 1742 1767 2687 3751
272 352 363 1923 2260 2298 2856 3288 3889 4097 4197 4630 4935 5269 5514 6084
273 1710 3510 4298 5064 5096 5667 5706 5804 5806 5808 5819 5893
274 831 2758 3491 3908 4265 4733 4837 4864 5347 5569 5796 6029 6196 7790
275 83 98 764 790 2427 2468 3043 3558 3952 4469 5248 6011
276 48 148 311 1103 1993 2005 2358 3172 4446 5019 5241 5324 5402 5555 5727 5743
277 645 686 1348 2105 2164 2450 2845 2981 3322 4288 5373 7630
278 425 898 1027 1070 1926 2041 2558 2703 3574 3748 3758 5504 5923
279 644 763 1334 2627 2694 3816 3953 3965 4807 6771
449 112 191 1107 1855 1994 2258 2824 3495 4010 4299 4912 5132 6503 9197
448 759 779 1882 2003 2861 3250 3683 3825 4137 4149 4341 4785
443 527 2337 2812 3417 3636 3813 3886 4580 4933 5139 5525 5815 6355 7162
442 874 2920 3570 3959 4088 4123 4210 4942 5187 5345 5728
441 592 1008 1182 3707 3845 4360 4575 4897 4961 5154 5911
440 691 1690 1942 2043 2252 2409 2887 2895 2969 2984 3088 3169 3548 7053
447 218 792 902 987 2060 2957 3680 3939 4365 4528 4535 4587 4790 6391
446 535 647 675 1323 1898 2108 2225 2445 2727 3076 3635 3753 4271 4389 4463 4529 5737 6765
445 142 636 827 957 1432 1876 2135 2800 5326 5752 6833 8431
444 36 261 471 646 670 978 1571 1786 2154 2879 2906 2911 3792 5387 5732
108 529 540 1971 2241 2276 3459 4405 4999 5006 5704 5861
109 716 958 1300 1461 2011 2525 3718 4098 4191 4610 5294
102 37 225 486 1313 2394 2564 2647 3111 3516 3518 3755 4679 4871
103 241 401 564 651 969 1196 2605 3241 3341 3567 3932 3936 4710 5005 6347 6797
100 34 1192 1498 1739 1937 2212 3445 3744 3857 3988 4050 4160 4280 4364 4501 5194
101 73 634 724 1492 2380 2604 2974 3276 3871 3933 4025 4346 4740
106 1357 2726 3303 5330 5516 5624 5626 5641 5873
107 459 999 1831 2772 3019 3254 3536 3838 4072 6464 8830
104 174 940 980 2122 2293 2621 2998 3283 3522 3909 5316
105 122 309 534 786 1047 1829 1908 2118 2635 2695 4957 7240 7320
39 41 476 807 1345 1534 1642 1953 2016 2159 2199 2205 2588 2714 3958 4717 6060
38 678 872 1075 2475 2763 4316 5024 5056 5081 5087 5283 6385
33 94 146 200 570 1737 2014 2934 3008 3213 3393 3438 4086 4128 4651 6331
32 749 1187 1235 2502 2534 2946 3498 3705 4471 4537 4626 4985 8883
31 115 307 509 591 774 853 1230 3110 4052 4551 5438 5887 7710
30 1307 1661 2373 2930 3272 3612 4473 5522 5603 5705 5904
37 11 802 981 1456 1533 2364 2402 2507 3366 3687 4347
36 653 1511 2217 3124 3223 3580 3585 3881 4327
35 672 2166 2277 2684 2741 2835 3185 4394 5623
34 106 151 373 1664 1799 2077 2392 3216 3360 3675 3986 4028 4176 5367 8053
438 38 1171 2532 2783 3473 4044 4706 4749 4914 5127 5661 8922
439 482 1147 1518 2082 2100 2490 3863 4073 4512 4612 4730 5104 6100 6611 8599
436 155 932 1030 1222 1794 2181 2336 2701 3119 3638 3706 3823 3900 3950 4728 9731
437 21 190 288 524 690 1117 1369 1426 2368 3154 4634 5026 5130 6101 6437
434 422 456 2702 3307 3703 4420 4668 4711 5100 5184 5291 5800 9008
435 35 725 849 1025 1361 2274 4178 4530 4615 4869 4906 4960
432 65 720 1743 2350 3112 3214 3295 3773 3975 6053
433 1013 2161 2730 2899 3107 3793 4009 4039 4428 4553 7992
430 33 1947 4689 5152 5312 5365 5447 5530 5570 5588 5894 8794
431 67 370 1412 2308 3086 3865 4467 5036 5162 5191 6334
339 1148 1783 1903 2822 3138 3275 4142 4465 4475 4517 5797 6226 6285
338 312 375 1073 1433 1701 1746 3294 3381 3408 7200
335 516 559 1324 2338 2440 2691 4616 4775 4876 5384 6130
334 1284 2197 2211 3066 3156 3413 3455 3699 3885 4207 4459 9659
337 380 575 722 727 3177 3424 3791 3938 4057 4409 4667 6015
336 419 751 1752 1832 1883 2425 2833 2955 3373 4340 5366 8512
331 170 662 908 1093 1483 1584 1655 1669 2155 2232 3003 3032 6338
330 1365 2000 2978 3298 3617 4054 4696 4997 5022 5027 5314 5388 6409
333 390 750 970 1206 1772 2439 2491 3527 3583 3902 3954 4823 7050
332 255 358 1268 1523 2683 2975 3385 3443 3915 4335 5240 5758 6251 9013
0 1207 1470 1791 2216 2504 2645 4233 4268 4603 7044
6 27 565 705 1087 1575 2028 2460 2477 2640 4412
99 59 188 299 1080 2046 2780 3727 4330 4423 4443 4648 5639 6554
98 257 567 876 5282 5720 5766 5812 5814 5822 5828 6062
91 333 447 826 1356 1404 1585 2600 3053 3092 3218 3378 3545 3771 5547 5849
90 410 605 1208 1308 1554 2266 3760 4175 4244 4410 4847 5304 5466 5495 6547
93 517 787 3278 3717 4138 4182 5183 5408 5442 5498 5561 5836 6187 8150
92 432 1199 1232 1738 3181 3553 4180 4194 4593 4629 4699 4840
95 788 927 2648 3943 4122 4264 4653 5287 5436 5695 5998
94 1379 2052 2112 2931 4056 4617 5268 5432 5736 5774 5786 6829
97 477 1052 1267 1529 2860 3489 3589 3685 3741 3898 5715 5801
96 1553 2916 2997 3197 4046 4414 4716 4877 5879
238 404 609 752 1497 3571 3764 4358 4892 5082 5190 5308 5348 6705
239 334 843 3500 4031 4984 5121 5129 5392 5454 5487 5790
234 415 693 1221 1442 2309 2522 2650 2799 3139 3503 3700 5099 5604
235 2185 3301 3817 3948 4959 5422 5631 5753 5765 5779 6487 8716 9023
236 49 91 1234 1327 1754 1820 3219 4373 4700 6048
237 441 1017 1857 2384 2516 2717 3142 3579 3603 3640 3777 4020 5295 7950
230 40 265 377 606 642 949 1415 2059 3247 3252 3956 4561 5206 7120
231 102 1329 1406 2699 3726 4598 4998 5543 5672 5673 5693 5744 5769
232 3186 3433 4117 4460 4702 4726 5120 5419 5526 5537 5539 5817 6473
233 581 946 1980 2454 2576 2681 4187 4746 5435 5455 5592 5721 5777 6509
1 548 1599 1924 1996 2207 2349 2816 3029 3131 3546 6681
146 3084 3831 4019 4737 5041 5493 5566 5616 5617 5621 5846 9230
147 781 782 820 891 1042 1963 2229 2300 2896 4521 4594 5523 5605 5655 9968
144 240 846 1917 2555 2582 2669 3476 4006 4116 4328 6982
145 147 558 1693 2091 2393 2584 2960 3044 3411 3880 4647 5323 6895
142 160 1156 1604 1667 2736 4112 4195 4614 4731 4891 5138 5400 5459 7379
143 614 2098 2431 2678 3695 3862 3913 4294 4301 5215 7179 9607
140 805 818 1469 2848 3590 3628 3664 5532 5573 5798 6050
141 1274 4427 5002 5118 5267 5346 5396 5637 5691 6696
148 778 1085 1383 1696 2130 2183 2215 2240 2521 2556 2814 3054 4053 6362
149 229 495 800 2670 3060 4407 4803 4966 5270 5275 5299 5476 7049
133 545 1261 1896 2150 2999 3302 3365 3619 3800 4490 5247 5413 8722
132 259 1144 1911 2829 4087 4188 4375 4705 4773 4830 4859 5593 6401
131 2686 2926 3929 4450 4573 4977 5032 5075 5357 5519 5897
130 270 292 353 487 491 502 713 1295 1468 2076 4901 5198
137 423 1006 2761 3136 3442 3480 4008 5716 8462
499 104 319 671 867 953 968 1000 1129 1402 2017 2321 2594 2602 5654 5855
135 25 78 308 618 1317 2034 3351 3568 3653 4566 4588 5406 6499 9461
134 2088 3481 3528 3622 4366 4599 4954 5410 5551 5742 5785 6454
494 325 1945 3005 3042 3246 3395 3601 3788 4198 4499 4606 4639 5058 7782 7987
495 46 256 676 701 893 1009 1033 1561 1750 2811 2909 3306 3740 3795 5880 5993 7193
496 68 596 1139 1366 1464 1500 1504 1616 2381 2563 2614 2893 5860 8387 8491
497 329 1155 1457 2660 3350 3402 3471 3987 4114 4421 8212
490 1214 1377 2291 2798 3081 3121 4799 4969 5253 5319 5602 6170 6502
491 44 285 1120 1354 2001 3059 3388 3658 4951 5165 5281 5288 6324 8043
492 175 744 1639 3517 3677 4030 4425 4582 5259 5982
493 56 1236 1817 1982 2136 2608 2747 4722 4752 4782 5218 5415 5608 8896
24 454 1259 1337 1528 1867 2071 2123 2937 3300 3467 4078 4945 4964 6400
25 107 316 624 1282 1408 2037 2940 3027 3097 3105 3584 4687
26 97 689 732 1068 2388 3457 3836 3872 4283 4990 5303 5356 6785
27 386 569 741 1015 1813 2297 2597 3122 3174 3678 3984 4027 5412
20 119 836 1031 2417 3320 4126 4155 4164 4447 4547 4930 5368
21 0 171 215 1101 1359 1580 1795 1796 2324 2362 2760 3222 4816 9265
22 1168 1766 3173 3539 4074 4090 4237 4273 4806
23 12 2451 2574 2636 2775 3418 3790 4017 4306 9600
28 439 455 510 536 633 685 699 822 834 879 1186 1250 1429 2858 4784
29 9 2234 2665 2743 2842 3355 3382 4136 4371 5746 6920 8293
407 737 936 1449 1695 1707 2554 2854 3422 3922 4007 4021 4047 4108 4133 4218 5155 7254
406 1233 2988 3126 3375 3770 3822 4026 4758 4938 6354 9848
405 181 276 452 683 918 1215 1436 1519 1946 1957 1959 3079 3093
404 290 2097 3462 3783 4111 4251 4406 4498 4755 5857 6197
403 553 631 911 925 1967 2366 3025 3267 3434 4220 4322 4411 5090 5446 7413 7429
402 4 659 998 2408 2580 2719 2746 3201 6244
401 1652 2050 2995 3164 3645 3719 3759 4257 4538 5902 7333 8910
400 61 161 418 474 1020 1177 1557 1719 1983 2874 2954 3159 3401 3875 4527 4658 6292
409 23 273 338 488 892 910 1194 1275 1360 1853 3337 9533
408 1774 2996 3238 3562 3670 4266 4713 4940 5055 5207 5223 5290 7087
379 1422 2369 2426 3425 4068 4418 4477 4817 4905 4932 5142 5659 5697 5799
378 845 858 1792 4192 4694 4953 5015 5071 5197 7629
371 541 889 1881 2058 2875 3020 3704 4063 4641 4860 4993 5067 5193 5484 5628 5668 5680 5747 5865 6737
370 1481 1884 2128 4162 4235 4260 4902 5028 5168 5375 5425 6115
373 494 1243 2371 3367 4618 4836 4874 5172 5196 5414 7068
372 287 640 736 768 797 810 1055 1297 1411 2227 2559 9139
375 506 1830 1956 2583 3206 4445 4523 4691 4800 4812 5219 5230 5862 6099 7252
374 1344 2084 2885 3148 3513 3593 4571 5489 5633 5751 5759 5789 6770
377 50 955 1281 1726 2458 2820 3281 3608 3633 3663 4005 4645 5054
376 345 438 521 1675 1846 2030 2749 2765 2907 2994 3196 3649 3659 3830 9007
393 739 1174 1494 1731 2715 4383 4572 4948 5011 5107 5124 5177 5767 6428 7736
392 933 1316 3296 3496 3575 3819 4000 4454 4650 4885 4917 7289
88 93 996 1597 2587 3662 4229 5083 5761 5780
390 233 339 554 1384 1385 1445 2115 2132 2239 2832 3151 3469
397 522 1050 1376 2109 2606 2620 3134 3287 3327 3468 3657 5145 6545 8841
396 198 815 2009 2447 3293 3394 3551 4154 4234 4474 4965 8092
395 297 702 817 948 1981 2271 3656 3893 4332 4476 4522 4692 6269 8068
394 43 132 1185 1636 2452 2487 2543 3325 3514 3541 3803 3806 4727 6198 9003
82 903 1626 2662 3749 3946 4514 4655 4675 4721 6188
83 72 346 1018 1603 1780 2231 2390 3180 3511 4320 5232 6875 7709 9299
80 214 1319 3166 4227 4315 4625 4654 4748 4831 4918 6083
81 133 426 655 804 877 1860 1954 3011 3048 3747 4478 4589 6625 7153
86 1665 1914 2547 2568 3067 3282 4185 4385 5117 5273 5331 5615 9107
87 496 773 1003 1218 1291 2295 2307 2496 2646 3712 3850 5580 5871 5925 6855
84 249 283 356 890 1044 2615 2826 3022 3688 3689 4703 4832 4842 4941 5407 6698
85 1040 1106 1625 1757 2470 2485 3637 4350 4981 5004 5382 5521 5544 5841 7899
7 806 2152 2523 2641 3420 3487 4029 4223 4556 6460
245 489 1063 1944 2753 3400 3899 4560 4779 5147 5243
244 855 1524 1674 2220 2718 3343 4139 4492 5144 5395 5471
247 117 295 458 1565 2410 2412 3153 3192 3392 3454 4388 5584 6061 9404
246 1654 1849 4608 5397 5739 5741 5749 5760 5781 5816 6045
241 52 55 796 863 1011 1287 1410 1582 1827 1905 2047 6922
240 239 939 1520 1563 2744 2776 3006 3676 3715 3767 3827 4199 4416 6301
243 703 1890 2151 3483 4183 4662 4856 5260 5611 5946 8685
242 612 916 1032 2808 2972 3507 4732 4919 5084 5226 5250 5813 6817
249 85 666 964 1226 1447 1699 1803 1998 2069 2591 5003 6486
248 237 315 330 1441 2053 2224 2280 2359 3249 3547 4282 6067 6802
458 1176 1525 1735 2111 2817 3052 3632 3752 4353 4791 5069 5140 5437 6074 7845 8671
459 1007 1326 1806 2158 2262 2379 3123 4040 4172 4382 5474 5660 5997 6281 8062
450 865 1167 1466 1958 2083 2939 3182 3193 3370 3596 4238 5214
451 267 332 597 679 723 1389 1489 1543 1572 1681 1874 2513 2769 3508 3914 7820
452 343 360 566 1310 1340 1621 1797 2102 2435 2624 3078 3236 4660
453 480 1573 1609 1618 2438 2947 3031 3065 3140 3684 3728 4567 5416 6102 7579 7902
454 201 251 320 331 733 1264 1602 1888 4300 4376 4635 6073
455 1852 2478 3117 4247 4983 5043 5236 5256 5263 5450 5512 5730 7771
456 816 1285 1421 1758 2449 2828 3318 3460 4374 4491 4664 4670 5389 5969
457 10 844 1077 2180 3243 3412 4184 4725 4738 4833 6022 6046
179 350 2386 2453 3116 4384 4387 4656 4715 7434
178 89 277 589 1246 1606 1869 1960 2329 2693 3209 3240 3534 4203 4975 6453
177 835 2506 2948 3725 3911 4002 4202 4232 4359 4379 4638 9219
176 127 193 809 1343 1485 1800 2193 2531 2898 3429 3990 4236 4487 4532 4878 6296 8487
175 280 484 619 885 1649 2515 2541 2595 3062 7023
174 1184 1619 1972 2698 3316 3606 3980 4797 5047 5077 5103 5235 5531 7653
173 354 1160 1634 2042 2696 2766 2789 3050 3868 4157 4354 5572 7852 9834
172 717 1392 2004 2299 3012 3667 3738 5007 5133 5541 6810
171 58 1064 1341 1617 1703 2326 3015 3163 3204 3289 3374 3834 4622 5163 6621 7652 8227
170 260 289 397 1024 1453 2204 2249 2592 2752 2859 3089 3486 3625
182 203 530 611 719 795 886 1213 1741 1927 2377 2527 2529 2643 4033 5643 5921 9669
183 2 1043 1089 1333 2087 2625 2732 3309 3329 3407 3426 3432 3615 3812 7147
180 64 650 1782 1824 3075 3194 4094 4228 4337 4449 4852 5023 5520 7932
2 7 1216 3849 3963 4092 5000 5085 5169 5244 5480 5499 5678 8248
186 1587 1607 1658 2044 2343 3524 4103 4559 4678 4708 4818 4974 9086
187 17 435 507 794 866 2314 2404 2505 2609 2770 3026 4844 5826 6161 9465
184 470 499 1276 1970 2096 2312 2467 3733 4284 4525 5738
185 355 431 445 938 1393 1596 1641 1810 2519 2818 2913 3449 5724 8920
188 66 139 1127 1550 2116 3698 4113 4362 5030 5426 5554 5575
189 185 1001 1367 1371 1583 2966 4253 4276 4781 4795 5463 5916
11 128 1477 1728 3332 3782 4170 4518 4875 5072 5652 5714 5811 8235
10 114 263 697 1303 2067 2510 2868 3439 3859 4569 5981
13 1 210 253 490 623 658 1229 1870 2110 3588 3824 5188
12 389 828 2577 3073 4014 4500 5518 5562 5610 5619 5676 6359
15 322 602 945 1283 2127 2182 2320 2652 2959 3761 4151 4196 4907 5451 5734 7742
14 71 88 252 304 493 700 1535 1591 1777 2342 4562 4825 5171 6283 8134
17 950 1123 1467 2243 2430 3720 4947 5048 5614 5640 6903
16 1556 3339 3673 4204 4336 4440 4776 4921 5427 5488 5679
19 573 976 1133 1212 1507 2598 2663 2782 3321 3371 3835 3884 4060 4326 4586 4988 6731
18 1989 3268 3646 4083 4213 4596 4665 4763 4862 5343 8005
322 979 1023 3200 3815 4321 4453 5579 5669 5848 6610
323 76 1378 1862 2101 2383 3308 3607 4503 4736 4747 5111 5279 6387
320 189 275 305 555 851 1425 1450 1465 1694 2344 2391 4034 7713
321 379 897 1220 2063 2407 2484 4309 4479 4695 4846 5105 5150
326 39 183 525 1513 2310 3094 3916 3921 4432 4510 4676 4778 6305 6899
327 77 105 1125 1253 1798 1815 2029 2675 2709 2754 2985 3230 3340 3519 4333 4884 5340 9483
324 4590 5153 5701 5725 5729 5745 5764 5776
325 137 217 248 1091 1289 1475 1779 2464 2528 4256 4352 4395 5258 8907
328 427 629 709 1859 2145 2771 3057 3485 3864 3892 3910 4683 4762 6538
329 440 500 608 1753 1838 2195 2302 3041 3160 4783 5656 5838
201 1473 2081 2141 2495 2539 2611 2836 2987 3745 3978 4544 5662 9160
200 362 420 483 2259 2353 2745 3135 4239 4584 4889 4910 5080 5383 5964 6250 8325
203 819 1150 1487 1656 1751 2178 2424 2562 2894 2950 3334 3376 4488
202 519 1060 1193 2107 2423 2738 3609 3735 3775 3977 4900 5313 5636
205 212 272 466 1035 1712 2623 2891 3430 3479 3492 4431 6438
204 177 1170 1559 1623 1659 1705 2062 2162 2735 2865 3114 3323 3403 4468 5217 7029 7919
207 342 434 913 985 1312 1438 1808 2668 2740 3098 3384 4035 6650 9129
206 19 409 1109 1893 2213 2533 3080 4037 4486 4520 4534 4789 6139 7280
209 318 341 1418 1835 2567 4402 4496 4936 4979 8484
208 269 726 808 899 906 1149 1210 1590 1676 2022 2707 2827 5322
77 84 284 630 1346 1951 2815 2963 3000 3055 4168 4890
76 57 1083 1431 1515 1763 1788 2796 3120 3353 3721 3841 3882 4287 4632 9444
75 371 1734 1787 1887 2361 2476 2501 2629 3428 3693 3903
74 164 478 1776 1819 2065 3063 3573 3826 3829 6424 7088
73 75 95 168 336 1081 1114 1801 2106 2184 2214 2251 2285 3102 4079 6889
72 87 479 3161 3357 3540 3692 3995 4209 4457 9270
71 136 286 326 754 793 921 1172 1227 1643 1698 1730 2432 2863 2897 5784 8209
70 116 1119 1586 3505 4367 4631 4673 5010 5204 5252 5386 5417 8104
79 186 213 374 585 740 1140 1166 1198 1266 1509 2057 8307
78 247 1678 3049 3594 4355 5173 5262 5337 5598 5825
8 654 1084 1183 1205 1452 1472 1615 1943 2272 2572 3188 3925 4120 5783 7267 7997 8125
258 1612 1790 2690 2852 3229 3839 3985 4215 4809 5351 5403 5490 5553
120 134 2226 2443 2706 2982 3184 3198 3538 3851 4329 5310 6369
121 178 801 920 1265 1844 1886 1984 2434 2571 3352 4277
122 429 468 668 2494 2932 3451 4246 4311 4633 4681 4754 4887 5318 5917 7669
123 24 80 144 300 1054 1322 1476 1478 1593 2279 2857 3158 3682 4526 5788 7133
124 811 1722 1933 2219 2405 3446 3652 3981 4408 5093 6326
125 994 1152 1362 2889 4146 4511 4682 5052 5374 6980 9545
126 366 501 520 552 688 1290 2165 2171 2208 2418 2429 2657 3017 7861
127 278 859 1687 1724 1759 2517 3993 4082 5557 6137
128 118 327 960 1223 1374 1850 2607 3137 3157 3631 3997 4230 4231 4363 4686 6827
129 385 965 1988 2367 2700 3906 4424 5073 5439
69 1400 1430 1781 1812 1918 2840 2910 2973 3002 3195 3210 3964 3992 4174 4303 5341
414 110 227 707 1305 1589 1856 2066 2673 2729 3009 3099 3106 3202 3544 4134 4508 4591 4698 5895 6631
415 361 1202 1541 1650 1680 1880 2748 2779 3225 4397
416 568 852 1895 1992 2575 3324 3690 3982 5065 5186 6447
417 124 167 783 2901 4159 4987 5157 5178 5271 5317 5332 6739
410 513 870 1256 1514 2146 2924 3556 4062 5079 5122 5159 5311
411 271 922 1484 1834 2509 2724 2872 3297 3364 3797 4001 4091 5565 7553
412 830 909 2864 2952 3895 4115 4435 4439 4671 5500 6588
413 206 1159 1833 1939 1979 2194 2265 2667 2762 2777 3071 3183 3235 3820 4308 7968
498 1209 1624 1938 3013 3336 4281 4310 4663 4843 5109 5305 5321 5370 5824 6360 9199
418 108 1026 1424 1715 1732 1749 2038 2742 2750 3187 4042 4819 7517
419 205 235 246 1840 1845 2335 2914 3333 3531 4013 4324 4565 4707 4741 7949
136 669 1088 1721 2196 4107 4777 5017 5460 5542 5690 6087
319 156 220 310 376 742 1238 1637 1745 1858 1865 2315 2327 4081 4742 4926 5170 5272 5713 6332 7486
318 1364 1729 1863 1978 2168 2480 2639 2983 3359 3743 4161 4688
313 463 663 728 895 1622 1761 2074 2079 2397 2711 2787 2929 3261 3444 3529 4051 6021 6374
312 130 2788 3016 3231 4429 4718 4794 5044 5320 5528 5534 5582 6014 6189
311 695 1260 1336 1697 2552 2570 2884 3319 4448 4701 4845 5205 5549 5663 6149
310 2319 2339 2401 2461 3070 3227 3266 3572 3968 4132 4318 4855 5966 7615
317 60 414 544 1321 2638 2725 2971 3018 4970 7929
316 603 2094 2173 2813 3271 3279 3947 4543 6024 7055 7795
315 2819 3284 5364 5509 5606 5622 5717 5782 5809 5913
314 30 53 617 1861 1940 2721 2837 2867 2925 3409 3526 3535 3669 3858 4293 6030 6550
139 929 1692 1968 3263 3448 3557 4121 4470 4835 4853 5748 5909 6445
138 2103 2142 3074 3542 4770 4915 5239 5344 5372 5421 5540 5559 8193
3 282 2784 3453 3787 3896 3928 4049 4076 4541 4623 7296
368 324 1866 2333 2774 3037 3345 3404 5025 5452 5683 5980 8269
369 2254 2398 4004 4058 4607 4814 4880 5363 5718 5792 6748
366 473 475 812 1443 1628 2095 3390 3484 4278 4415 4437 4585 5309 5434 7481
367 537 1108 1294 3639 4153 5210 5216 5922 6458
364 51 824 1157 1373 3447 4145 4515 4533 4724 4743 5277 5350
365 223 1028 1179 1778 1920 2172 2737 2823 3152 3155 3661 4045 6063
362 428 758 947 1231 2317 2351 2664 2728 3082 4104 6946
363 467 1128 1145 1240 1718 2825 3979 4127 5035 5381 5576 6034
360 337 351 561 1113 1706 1901 2073 2209 2385 2767 4548
361 708 2085 3876 3888 4576 4579 5059 5102 5246 6955
380 518 674 743 762 1387 1889 2134 2469 4190 4693 4911 4991 5349 7568
381 1755 1955 3520 3983 4302 4413 4609 4827 5199 5485 5688 5702 6949
382 931 3069 3533 4065 4331 4390 4441 4881 5013 5123 6184
383 372 1010 1296 1910 2148 2679 2806 3860 4296 4555 4808 4908 4958 6178
384 1627 1677 1941 1990 2493 2733 2919 3028 3465 3577 3623 7026
385 187 660 755 1046 1161 1482 1570 1630 1673 1769 3602
386 143 208 531 1277 1605 2270 2463 2566 2633 3170 3290 4095 5821 6778
387 28 1082 1164 3132 4872 5264 5515 5586 5595 5740 6059
388 1245 1579 2093 2540 4764 5574 5647 5787 5791 5820 6772
389 1592 1629 2524 2542 2844 3610 3654 3789 3887 4399 4403 6415 8406
252 1058 1506 2020 2143 2345 2499 2536 2649 3168 3347 3463 4627 5329 5339
60 584 1016 1304 2261 2311 2457 3386 4649 5411 5831
61 364 803 1122 1417 1975 2900 4419 4838 4972 5301 5503
62 451 1225 1682 1900 3232 3423 3996 4305 4481 5031 5114 5224 6143
259 29 400 823 1273 1527 1879 1991 3315 3361 5286 5507 5607 5889 6216
64 560 2626 2712 3115 3144 3217 4061 5110 5393 5571 5689 6040
65 842 1546 1574 4219 5078 5135 5284 5475 5703 5757 5770 5840 6343
66 413 497 607 696 1414 2147 3931 4156 4549 4771 4995 5297 5735 5906 6258 6584
67 990 2492 3549 3651 4221 4621 4849 5238 5428 6592
68 747 1892 2551 2581 2764 3961 4059 4080 4225 4307 5677 5866 6175
253 442 485 528 780 1848 2986 3203 3648 3811 3874 4211 4597 4810 4851 5818 7756 9903
250 997 1270 2956 3441 4089 5666 5686 5750 5754 5845
251 74 279 880 901 1065 1370 2051 2360 2807 2958 3242 3291 3313 3543 3696 4372
256 840 943 1644 1725 2992 3127 3380 3399 3620 3702 3856 4604 7791 9852
257 264 387 1163 1242 1952 2163 2203 2751 4822 4829 4898 5954
254 90 399 632 761 928 1526 2883 3561 3604 3970 4456 5092 5376 6082 7698
255 798 1041 1420 1934 2658 3270 3346 3563 4513 4882 5203 5948
469 1036 1137 1662 2129 3280 3310 4055 4143 4304 4739 5089 5989 7204
468 121 349 884 1237 1301 1842 2928 3234 3781 4381 5254 5334 5444 8644
465 111 150 245 595 715 1269 1325 1434 1825 1969 2773 2979 5212 6692
464 972 1657 2202 2619 2967 3786 5174 5276 5486 5907
467 453 556 601 770 1037 1578 2459 2565 3255 3722 3912 3994 7519
466 2222 2313 2448 3007 3150 3848 4169 4262 4339 4643 6298
461 266 424 1512 2585 3292 3694 3999 4438 4600 7569
460 8 1066 1651 1962 2905 4659 5008 5136 5353 5424 6467 7085
463 523 982 1029 1251 1306 1459 1646 1915 2599 3976 4193 5074 6261
462 641 856 1416 2561 2569 3221 3311 3363 3415 3560 6134
168 228 973 1548 1576 1608 1873 2437 2792 2953 3525 4147 4899 6095
169 103 291 984 1096 1363 1544 1868 2049 2446 2676 3212 7545
164 888 917 1331 1871 1987 2187 3068 3108 3326 3613 3969 4205 7219 8439
165 766 1394 1683 2354 2682 3472 3478 3920 3998 6853
166 2716 2756 2912 2989 3033 3338 3383 3926 3966 5134 9178
167 6 125 348 382 582 684 777 1708 2126 2286 5775
160 365 503 729 1471 1531 2025 2550 3014 3494 3521 4118 4119 4241 4744 7751
161 69 914 1039 1056 1195 1660 1816 2190 2341 3552 3576 4357 4952 5379
162 472 718 1169 1713 3600 4378 4759 5192 5315 5354 5391 5552
163 162 1228 1263 1299 2149 2573 2630 2869 3259 3634 3844 3935 4242 5441 6020 6675
9 196 448 533 622 837 1320 1822 3113 3176 3391 3723 4066 4075 4226 5992 8498
357 1005 1022 1311 1349 2479 3191 3569 3891 4788 6687
356 1451 1764 3001 3083 3162 3274 3458 3509 3798 3873 4404 6001 6470
355 977 2560 3537 3564 4249 4976 4978 5255 5298 5681 6978
354 254 392 756 878 1505 1925 1976 2120 2518 2757 3010 3730 3883 4269 4661 6945 8470
353 109 3697 4613 4628 5176 5597 5632 5648 5684 5692 5868
352 682 896 992 1793 2170 2325 2442 2456 2500 2877 3087 3431 5385 6534 8812
351 224 393 868 1130 1610 2881 3064 3794 4171 4577 4677 4712 5479 5869 6028 7210
350 238 321 1298 1395 2483 2618 2862 3397 3456 3780 4334 4398 4546 4994 7180
359 986 1219 2064 2269 2708 2839 3736 3832 4483 4646 5342 6352 6986 7732
358 1141 3805 4263 4968 5213 5634 5642 5755 5763 5795 7007
216 383 627 1985 2138 2245 2722 3506 3647 4110 6262
217 883 1302 1775 1854 2230 2672 3729 3847 4167 6049 7266
214 26 244 613 1111 1372 1407 1974 2055 2228 3581 3750 4012 7206
215 357 1045 1191 1872 2167 2713 3038 3599 3973 5358 5942
212 296 394 1153 1178 1723 1922 1977 2535 3175 3372 3762 5875
213 294 1286 1784 2104 2305 2603 4723 4756 4956 5066 5360 5638 5698
210 900 1368 1611 2281 2375 2471 2503 3035 3410 3842 3877 3944 4084 4165 4313
211 2026 2125 2781 2841 2993 3435 3924 3951 4540 4680 5536 6054 8284
218 1197 1254 1928 2455 2935 3030 3129 3362 3901 4967 5061 8069 9374
219 138 157 412 579 598 1012 1126 1190 1564 1594 1877 2080 9075
289 1916 2040 2795 3405 3624 3686 4201 4258 4338 4753 5156 5863
288 1499 1542 2031 2497 3855 4291 4442 4574 4709 4750 4815 5456 5502 5772 6018
4 1403 1973 2413 3778 3802 3828 4319 4466 4536 5113 6254
281 169 219 991 1173 2267 3004 4495 5042 5181 5242 5352 5377 5524 6306
280 234 772 1614 1821 2024 2372 3023 3125 3368 3879 4023 4564
283 5 159 610 748 912 1048 1358 1598 1804 2201 2346 3554 3852 3918 4356 5292 5501 6270 7933
282 2121 2759 3387 3711 3837 4071 4601 5097 5125 5128 5167 5468 8580
285 692 2347 2593 2830 2918 2961 3215 3331 3650 5867
284 1136 1809 1897 2191 2374 3470 4038 4163 4173 4254 4345 6465 7077 9573
287 301 799 1051 1309 1388 1913 2355 2416 2786 2882 4619 7438 9990
286 2843 3643 5091 5470 5473 5577 5671 5711 5899 6423
263 869 1079 1823 2221 2257 2433 2945 2962 3034 3244 3671 4802 4870
262 590 615 757 2340 2363 2474 2902 3940 4011 4267 4472 4636 5234 8145
261 765 2704 3578 3737 4270 4400 4578 4620 5149 5202 5380 5696 6677
260 1053 1330 2002 2489 3046 3258 3919 4022 4261 4452 4524 5483 5896 9930
267 32 141 1247 1496 3414 3714 4135 4216 4279 4793 5378 5494 5699 6075 6630 9215
266 226 340 444 1121 2578 2927 3224 3304 3691 3945 4206 4751 5037 5870
265 14 197 735 924 930 954 1399 1613 2032 2323 2821 3757 3989 4377
264 1224 2189 4896 4943 5158 5469 5481 5578 5630 5646 5658 5884 7355
269 96 153 1244 1413 1462 1689 2039 2089 4909 6613
268 406 546 710 730 1455 1530 1632 1931 2012 2090 2520 3199 8332
59 443 600 941 1771 1907 2045 2659 2734 2851 2976 5126 5979
58 70 469 1770 2677 3565 3629 3732 3776 3809 4140 4867 7057
55 173 1110 1919 2070 3768 4666 4796 4804 5527 5590 5596
54 539 1350 2206 2530 2892 3461 3586 4250 4765 5068 5394 5589 5885 7474
57 15 1390 3660 3972 4539 4865 5119 5289 5601 5629
56 656 1262 2420 2631 3047 3342 3566 3598 4096 4186 4787 5060
51 408 460 626 1102 1248 1439 2768 3091 3396 3681 3854 4401 4745 5762
50 1162 1545 1558 1691 2419 2436 2613 2689 4973
53 216 1666 2755 2838 3356 3416 4016 4101 4834 4895 6403 6635
52 82 704 1502 1547 1740 2395 2548 2731 4177 5038 5201 6938 7699 9244
63 250 258 1175 1785 3277 4208 5280 5327 5390 5497 5538 5585 5756 6744 8121
115 54 538 1204 1386 1631 1818 2218 2290 2415 3605 5794
114 79 344 504 1488 1633 2803 2980 3369 3587 3937 5063 5872
117 935 2013 3024 3143 4554 4558 5014 5115 5200 5221 5227 5803 6643
116 62 222 396 1134 2508 3501 3530 4344 4461 5910 9979
111 113 621 738 2179 2422 2472 2644 3101 3437 3475 3867 5338 5458
110 86 462 1074 1112 1446 1581 2886 3490 3504 4109 4130 5053 5141 5674 6671 7874
113 882 1071 1458 1839 2061 3145 3464 4102 4125 4396 5161
112 1076 1105 1503 1894 2018 2176 2250 2278 2634 4144 4289 4581 8140
119 176 505 604 848 2537 2739 3861 4041 4274 4568 4873 5101
118 100 492 904 1479 1843 1904 2078 2316 2318 2586 2801 3058 3894 4317
429 860 1549 2255 2949 3784 4036 4642 4772 4820 4913 4927 5307 6141 6280 6528
428 776 1292 1381 1510 1536 3398 3550 3614 3616 3769 3796 3923 4150 8116
421 637 1072 1118 1318 1508 1540 1595 1773 1851 1948 2099 3427 3474 4893 6608 7511
420 620 714 1419 1878 2177 2590 4380 4480 4516 4766 5517 6549
423 746 1061 1288 1538 1645 1768 3096 3100 3742 4430 4760 4928 5112 6153 8343
422 378 594 680 905 1382 2268 2888 3286
425 313 347 649 652 1532 1647 2403 2462 2546 2549 2655 2723 3133 6537
424 47 242 457 2175 2233 3644 3821 4248 4351 4502 5029 5583 7883
427 243 571 1034 2056 2294 2666 2878 3379 4462 4767 4888 5040 5049 5912 7367 9931
426 42 449 551 593 3095 3239 3466 3846 3991 4920 9138
308 18 20 63 131 202 681 862 1099 1653 1711 1714 2601 2970 3103 4286
309 1135 1672 1727 2671 2866 3642 4854 4868 4950 6225
300 22 1423 1885 1964 2210 2332 2617 2942 3419 3960 4962 6327 8345
301 971 1638 1688 1744 2153 2236 3146 3406 4720 4866 5034 5600 6699
302 323 1315 2284 2849 4212 4297 4637 4761 4955 6351
303 549 974 1474 1836 2256 2557 2915 3312 4719 6230 7762
304 13 543 847 1762 3299 3710 3957 4032 4099 4158 4189 5175 8495
305 1929 2933 3253 3668 3713 4458 5208 5245 5336 5535 6070
306 194 1069 1380 1684 1949 2870 2880 3754 4982 5645
307 165 172 1961 2486 2637 2810 3328 3389 3930 4243 4507 5076 6676
181 875 1760 2008 2086 2288 2444 2710 3502 3665 3904 4570 5261 6469
229 767 1057 1201 1562 1826 1828 2244 2514 3262 5143 5182 5266 5278 9677
228 402 572 2075 2903 2990 3833 4349 4489 4592 4992 7167
227 207 335 1255 1560 1566 2068 2797 3801 3866 4077 4179 4550 4824 4971 5088 5166 5719 6970
226 211 407 542 712 721 850 1347 1577 1847 2033 2264 2275 3040 3905 4886 8105 8832
225 140 1405 2589 3440 3724 3878 3967 4368 5361 5433 5453 5465 5560 6842
224 1059 1116 1999 3039 4542 4857 5020 5095 5237 5296 5445 5548 5564 6032 7575
223 403 1097 1837 2306 3237 4426 4494 4735 4792 4821 5950
222 209 616 1211 2072 2622 2853 3130 3305 3335 4684 5901
221 635 698 2610 3128 3165 3626 3779 4422 4786 4916 5328 5430 5810
220 158 769 1401 1748 1864 1902 1921 2157 2938 3641 4129
391 833 1252 1517 1679 2794 2943 3582 4152 4595 5627 5664 5687 6967 9043
89 16 298 547 959 1203 1428 2092 2133 2139 2263 4444 6652
151 2007 2188 2805 2908 3618 3672 4285 4611 4922 4924 5843
150 359 887 1600 1899 2169 2370 3045 3061 3257 5401 6323
153 367 983 1338 1551 1640 2334 2421 3208 3907 4826 7001
152 1258 1335 1912 2289 2705 2785 3228 3512 4043 4048 9518
155 281 317 381 411 1038 1142 1486 1539 1671 2855 4093 4923 6390
154 204 1663 2113 2400 2414 2654 2965 3118 3799 4312 5086 6214 8528
157 92 135 926 962 1355 2656 4674 5012 5293 5467 6377
156 180 839 1493 1909 2023 2348 2964 3482 6144 8183
159 99 145 871 993 1756 2846 3036 3739 4275 4392 4704 4863 5335 5477
158 120 236 306 854 1049 1138 1448 1460 1950 2036 3021 3869 6044 7759 9467
399 745 1805 3592 3597 4434 5057 5225 5618 5665 5682
398 580 673 919 963 3285 3674 4602 4757 4861 4904 5211 5355 5457 7234
48 498 1635 2200 2871 3171 3179 3233 3814 4482 6071 8259
49 1702 1789 2511 3843 4214 4290 4624 4939 5116 5146 5195 5249 6201 8994
46 3807 4224 4813 5285 5496 5620 5649 5653 5731 5773 6566
47 861 1165 3349 3679 5108 5231 5306 5464 5491 5712 6140
44 2941 2944 3523 5505 5558 5722 5733 5778 5876
45 586 1440 2019 2628 3785 4003 4451 4583 4931 4934 6492
42 814 923 988 2352 2411 2653 2697 3348 3488 3515 5009 5961 7013
43 199 3955 4100 4217 4509 5098 5228 5461 5506 5529 5594 5839
40 268 657 873 966 989 1670 1966 2428 2809 3167 3421 3917 6413 8848
41 221 557 574 587 894 1115 1397 1491 1568 1906 2054 9224
5 1002 1188 1396 1409 1437 1444 2006 2357 2396 3731 6321
489 526 563 731 753 934 1241 1935 2596 2802 4064 4148 4393 4850 5462
488 274 433 450 514 1021 1062 1427 1685 2282
487 262 461 1217 1522 2235 4024 4067 4295 4343 4504 4774 4925 4929 8663
486 588 687 813 1078 1280 1314 1537 1807 2936 4563 5609 6790
485 179 481 694 1293 1736 1802 2144 2156 2303 2790 2977 4801 5768
484 639 789 1019 1180 2873 3147 3149 3452 4879 5209 5300 5440 5472 5710 6057 9301
483 944 967 1189 2512 2847 3141 3251 3358 3974 4200 4839 5418 6404 7806
482 829 1158 1936 2322 2651 3559 4166 4323 4348 4485 5625 6615
481 230 677 711 1490 2292 2356 2365 2406 2685 2850 4314
480 532 784 1124 1480 2376 2441 3056 3260 3630 3765 4640 4894 5045 5189 6672
472 328 388 550 942 1555 1709 2048 2331 2378 2680
473 152 293 395 436 832 937 952 1104 1257 1569 1704 3245 3330 4433 5962 7105 7456
470 2137 2328 2632 3090 3709 4252 4455 4557 4685 4734 7126
471 126 1151 3211 4652 4657 4729 4768 4769 5033 5185 5409 6376
476 648 825 1342 1391 1995 2117 2498 4386 4464 4644 4798 4989 5492 8130
477 123 232 961 1239 1328 2545 2661 2922 3621 3655 4436 4493 6236 7880
474 31 1181 1521 1997 2035 2273 2296 2466 2692 4505 4714 4811 8174
475 149 163 195 512 638 915 1747 2778 2890 3499 3810 4369 5359 5827
478 1200 1516 2382 2720 3264 3273 3591 4222 4946 5333 5834 7198
479 405 775 956 1132 2021 2248 3190 3377 3734 4240 5039 5051
