500
344 1246 1804 3191 3801 4655 4681 5102 5290 6051
0 279 709 1224 1557 2462 2589 4028 4376 4972 5049 5286 5420 5422 5534 5794 5980 8068
346 80 439 3940 4183 4409 4768 5071 5308 5488 5738 6986
347 685 1050 1066 1635 1948 4158 4241 5376 5404 5495 5888
340 190 244 1422 2361 3051 3597 4229 4719 4891 5016 5554 5580 5703 5756 6032
341 1427 2283 3024 3724 4054 4257 4472 4640 4677 4690 5416 5876 6067
342 1217 2859 3188 3196 3234 5090 5146 5402 5528 5652 5692
343 645 960 1341 1506 1951 2090 2650 2804 2958 4148 4445 4805 5095 5872 6549
348 20 2652 3489 3796 3800 4322 4460 4762 4882 5086 6369
349 304 1054 1755 1926 2760 3110 3141 3962 4534 4556 5582 6115
298 253 275 391 661 3404 3443 3563 3894 4265 5228 5302 6739
299 58 370 1337 1510 1637 1850 2030 2495 3451 3829 3867 4133 6415
296 1104 2758 3327 5722 5731 5776 5812 5841
297 318 947 1022 1975 2223 2491 3366 3685 5168 5444 6254
294 1379 2119 3523 3527 3804 3818 4439 4716 4990 5296 6225
295 234 363 369 1094 1200 1233 1585 1705 2145 2413 2467 2638 3758 3814 5437 7997
292 13 482 930 940 1598 1698 3436 4056 4543 4669 4902 5251 6338
293 647 785 910 1078 2348 2980 3097 3409 3454 3531 3596 4271 8920
290 502 773 1191 1237 1792 1857 1998 2154 3104 4311 5848 8307
291 488 834 1367 1757 2310 2919 3511 3760 4112 4505 4724 7210
199 480 782 938 1309 1686 1999 2075 2250 2877 4159 4442 4474 6014 6621 7200
198 738 1425 1542 1897 2134 2565 2829 3494 4213 4412 4550 5695 6022 6355
195 163 177 468 516 546 775 880 1176 1886 2071 2671 4069 4419 4525
194 105 844 871 1190 1775 2537 2612 3142 3664 4812 5530 5536 5624 6021 6387
197 204 485 2540 2714 3105 3383 3958 4329 4564 5297 5596 6320
196 1920 1994 2688 3056 3308 3480 4384 5009 5293 5337 5770 8832
191 103 263 1126 1655 1714 1924 2392 3108 3116 3264 7568
190 413 1837 2975 3505 4150 4980 5535 5540 5615 5672 9301
193 1366 1643 1780 2744 2797 3278 3968 4410 4415 4713 5430 5648
192 148 527 529 1220 2317 2487 4053 4819 4827 4862 5597 7193 7852
270 83 925 2832 4248 4299 5069 5113 5284 5303 5392 5409 5520 5660 5907 7569
271 17 368 679 941 1419 1526 2293 2855 2995 4718
272 1328 1482 2641 2653 2824 3464 3838 3892 4378 5004 5294 9483
273 226 316 2366 2498 3130 3232 3483 4231 5041 5909 7012
274 347 860 1843 2135 2810 3241 3279 4178 4635 4751 4867 5343 6409
275 1649 1809 2597 2664 2780 3224 3512 3675 3726 3903 4687 6214
276 2571 2801 3348 3779 4422 4438 5124 5487 5533 5922 7355 8644 9265
277 462 952 1911 2554 3086 3529 3582 3790 4287 4589 5035 5057 5183 5661
278 319 786 1970 3231 3985 4536 4974 5169 5311 5372 5518 9224
279 15 852 1222 3177 3413 4104 4278 4306 4389 4745 4802 5458 5826 6692
449 378 1301 1476 1570 1589 1993 2469 2960 3898 3978 4155 5871 6101 6492 8896
448 159 538 607 842 1195 2004 2600 2989 3311 3405 4312 4358 4573 4890 5229 5887
443 131 390 892 997 1145 1512 2057 2499 2783 2928 3459 3526 3564 5341 5896 8498
442 26 400 1391 1669 2130 2370 2775 3469 3657 4897 5216
441 328 1298 1501 1668 2969 5030 5167 5351 5637 5705 5707
440 883 1368 2096 3631 4165 4267 4452 4540 4739 4841 5413 5567 5962 6464 8491
447 509 1747 1869 2438 2721 3407 3510 3538 3959 3998 4516 4876 6445
446 110 305 387 702 1005 3934 3935 4253 4317 5593 5619 5658 5777 6230
445 334 669 703 2344 2544 3542 4140 4428 4458 4605 6102
444 1572 2599 2708 3078 3389 3947 4085 4633 4789 5825
108 352 356 487 515 518 731 1186 1977 2011 2447 2769 3015 7771 9244
109 611 973 1338 1661 1871 3235 4316 4857 4945 5195 5469 5653 6477
102 362 1098 1350 1987 4122 4174 4242 4353 4924 5310 6073 6261 7438 8105
103 613 2903 3030 3062 3908 4602 4725 4732 5119 5827 8671 8830
100 1295 1796 2248 2901 2920 3037 3269 3290 3772 4236 4778 4973 5037
101 567 694 987 2209 2446 2523 3386 3650 3693 3752 3828 3992 4529 4558 6467 8618
106 431 503 584 1989 2086 2264 2418 2606 3183 3535 3819 3956 5869
107 605 2167 2188 2334 2509 3112 3676 3822 6029 6390
104 629 730 939 1254 2277 2356 2700 2793 3059 4345
105 741 913 1543 1761 2160 2253 3017 3471 4175 7899
39 42 176 526 777 1378 2177 2759 3213 3661 3938 3990 6048
38 707 817 990 1308 1381 2001 2329 2405 2424 2729 3244 3344 3548 4944 5445
33 1181 1356 1457 2434 2756 3057 3368 3759 3863 4301 4777 5462
32 54 977 984 1875 3635 3764 4613 4929 5338 5526 5649 5996 6453
31 1628 1914 2581 2918 3608 3879 4059 4230 4886 4956 6137 6895
30 259 680 920 1567 2233 2746 3611 3709 3733 3904 5735 7439
37 498 637 870 1193 1832 2035 2126 2504 3186 8269
36 568 1406 2847 3179 3723 4597 4889 4892 5171 5263 5576 6251
35 245 1823 2288 2691 2719 3347 3387 4835 5547
34 3629 4703 4910 5246 5247 5558 5575 5697 5700 5813 5906
438 143 1388 2153 2916 3022 3218 3376 3923 4005 4569 5408 6024
439 1059 2268 2799 3180 3273 3437 3651 3852 4024 4126 4375 4487 6360 9533
436 536 989 2573 3328 3571 4136 5285 5353 5544 5752 7361
437 109 573 742 1524 1712 2308 3855 3922 4152 4186 5253 6797
434 139 179 1253 1575 1826 2161 2497 3513 3653 4360 4833 5007 5732 6486
435 454 1794 2031 2456 2929 3254 4223 4496 4847 5159 5218 5455 5478 5761 6945
432 3566 3586 3981 4010 4149 4195 4202 4424 4644 4880 5094 5435 8145
433 23 114 265 374 663 1045 1588 2019 2987 3390 3516 4135 4941 5322
430 325 434 443 1189 1402 2826 3369 3492 3537 4021 4579 5358
431 1202 1411 1499 5032 5073 5237 5347 5366 5449 5505 6063
339 376 2059 2184 2221 2474 2546 2687 3000 3095 3501 3652 4116 6588
338 164 648 1403 1893 2048 2375 3398 3486 4243 4289 4296 5948 6705
335 63 229 372 658 937 1634 2294 2817 3258 3302 3553 3737 4624 7968
334 79 125 272 471 776 1716 1789 2002 2324 3461 3493 3528 4250 4813 4943 5645
337 806 830 1753 1988 2307 2342 2635 3272 4532 4708 4870 5581
336 254 797 1147 1364 1723 2351 2359 3362 4097 4102 4463 4672 6712 7511 8716
331 289 1116 2828 3042 3044 3151 3891 3982 5222 5344 5663 5690 5901 8512
330 586 993 1130 1505 1533 2132 2950 3166 3431 3588 3682 3882 4224 4788
333 333 456 464 889 1618 1824 1992 3123 3552 3871 4012 5054 5902 6134
332 276 290 351 365 1215 1333 1437 1446 2081 3539 4728 5802 6771
345 2357 2974 4408 5066 5100 5451 5563 5568 5868
6 1247 2139 2322 3005 3159 3738 3945 4587 5161 5289 5410 5411 5555 9659
99 250 1423 1460 1525 4366 4630 5332 5506 5804 7023
98 154 593 863 1194 1266 1279 1430 1479 1652 2417 2603 9008
91 589 1151 1583 1602 1631 1725 2121 2435 2616 3046 3811 4643 6482 8484
90 193 778 972 1117 1547 1793 2024 2431 2660 2777 3049 4795
93 1048 1918 2880 3021 3515 4801 5328 5613 5712 5763 5792
92 121 126 130 149 277 617 1382 2304 2524 2648 3748 4144 6744 8134
95 1071 1445 1541 1961 2213 2385 3618 3691 3770 5198 5552 6161 6280 9215
94 32 1203 1737 1831 2162 2191 2761 3524 3761 4100 4961 5525 5651 6676 7162
97 1693 2451 2753 2973 3099 3171 3848 3930 4001
96 284 415 481 758 1249 1957 2171 2183 2280 2629 2870 3140 3189 3609
238 317 506 1264 1724 1840 2640 2984 3075 3194 3533 4234 5748 6292
239 884 919 2306 2555 3728 4105 4756 4939 5131 5139 5243 5890
234 412 420 455 535 845 848 1192 1303 2204 2465 2602 2615 3358 3587 8284
235 47 359 519 660 1468 1720 1983 2046 2365 2892 4784 7429
236 94 186 346 1802 2207 2837 2959 3445 3795 3797 4033 4414 4501 5862
237 523 614 646 936 1640 1690 2015 2084 2117 2399 2543 4622 5062
230 200 256 756 876 1072 1241 1853 3585 3765 3906 4050 4916 4960 6615 9404
231 401 1532 2052 2380 2430 3195 3521 3643 4675 4806 5639 6772 9139
232 31 358 681 739 1118 1349 1386 1481 1485 2346 3032 7874
233 366 664 841 856 1514 1657 1943 2492 2590 3408 5702
1 218 801 836 1122 1238 1900 3634 3688 3915 5160 5350 5571
146 592 874 1082 1409 1486 1848 2203 2323 2440 2956 3439 3561 3984
147 1086 1901 2115 2196 2211 2911 4117 4390 4527 4627 4693 4721 4903 5482 6028 9219
144 198 928 2165 3233 3396 3425 4138 4469 4604 4823 5261 5730 6734
145 2163 2332 2416 3794 4551 4585 4731 5026 5044 5081 5477 7367 8062 8293
142 2433 2595 2757 3615 3637 4029 4131 4256 4436 4531 4772 4936 6613 6737
143 5381 5431 5588 5640 5646 5655 5678 5682 5714 6305
140 666 748 759 891 916 982 1452 2662 2835 2943 3182 3534 7669
141 93 1111 1219 1549 2083 2252 2912 2945 3447 3916
148 571 958 1985 2050 2443 4344 4554 4578 4653 5340 6343
149 116 247 656 1327 2489 2802 2941 3146 3784 3812 3983 4279 4282 4899 4988 5154 6061 6949
133 133 1173 1475 1805 2242 2557 3067 3778 4261 4402 5088
132 1421 1980 3701 4208 4325 4560 4695 4914 4925 5269 5276 6438
131 60 1092 1858 2553 4357 4443 4904 5021 5074 5220 5884 7333
130 1413 1480 1650 3883 4947 5040 5200 5481 5553 5633 5699 5796 6903
137 89 615 1024 1600 2848 3556 3687 4154 4170 4742 5043 5277 8396
136 122 673 1208 2371 2466 2863 3064 3090 3543 4510 4642 4650 4659 5385 5783
135 744 795 1162 1252 2515 3027 3120 3697 3810 3976 4042 4355 5638 7026
134 329 803 865 1083 1091 1973 2255 2694 3009 3173 3713 3775 4586 5212 6391 7883
494 67 201 361 389 815 868 911 1636 1867 2771 3190 5457 6049
495 545 1256 1972 2251 2458 2494 2574 2981 3394 3503 3671 3679 5772 6913
139 16 900 2179 2657 3305 4228 4238 4394 4861 5184 5355 6554
497 301 692 725 2261 2325 2997 3103 3266 3912 4986 5964 7285 9731
490 59 147 151 484 539 1100 1227 2412 2441 2470 2679 3680 6610
491 28 799 1414 1638 1694 1719 2626 2823 3402 3478 4086 5913
492 811 1089 1164 1166 1324 2605 3204 3306 3309 3363 3747 5895 9979
493 119 822 1777 1819 1899 3686 4232 4331 6047
24 1077 1316 1656 2234 2400 2454 2604 2655 2696 3085 3498 3718 5111 5423 7198
25 29 158 472 796 1144 1212 1342 2103 2173 2218 2594 5003
26 56 132 711 825 986 1251 1566 1606 2278 2395 2625 4619
27 2229 2326 2353 2511 2953 3296 4451 4865 5323 5689
20 628 670 1042 1772 2619 2750 2765 4046 4125 4192 4511 4765 6269
21 1051 1245 1620 2731 3018 3803 4874 4922 5565 5954 7240
22 835 2949 4507 4565 4710 5077 5450 5642 5769 5791 5961 6385
23 1274 2140 2473 3293 3473 3773 3850 4081 4712 4727 7929
28 450 1288 1374 1396 1612 2239 2349 3677 4096 4263 4302 4335 4808
29 14 182 576 657 698 1448 2486 4204 4441 4497 4855 4881 6040
407 665 1865 1947 2150 2632 3181 3356 3481 3583 3874 3919 5104
406 654 716 763 766 1231 1846 2982 3245 3831 3926 4262 4330 4341 4975 5219 5342
405 2991 3050 3271 3373 3941 3980 4850 5002 5572 5709 7699 9299
404 980 981 2156 2865 3789 3954 4210 4927 4976 5058 5585
403 271 384 530 602 2047 2878 3150 3214 3455 3869 4401 5840 9444
402 19 1001 1223 1576 2343 2643 2999 3428 3550 4663 4759 5070 6352
401 248 1400 1768 1889 2389 2585 2711 2850 3036 3106 3222 3590 7267
400 824 2882 3371 3735 3901 4722 5084 5360 5551 5634
409 734 1329 1888 1960 3351 3802 4963 5211 5364 5387 5485 5542 7791
408 40 467 1838 1937 2078 2677 2858 3019 3816 3858 5023 6188 9467
379 310 338 1229 1389 1442 1516 1545 1769 1807 1971 2129 2784 2970 4043 4824 8343
378 8 561 1033 1057 1577 1646 2257 2545 3520 4752 6473
371 72 419 475 906 1340 1736 1898 2374 2909 3256 3295 3821 4807 4893 5064 8212
370 267 307 491 652 704 974 1601 1799 1806 1979 3888 3986 4519 5101 7615
373 41 580 968 1622 2706 3162 3705 4119 4484 4596
372 172 451 1150 2067 2131 2192 2513 4603 4818 4991 5379 5733 5737 7057
375 1 927 964 1115 1462 1895 2271 2710 2854 4314 6250
374 236 791 827 923 1037 1236 1884 2287 3102 5668 6899
377 735 802 2026 2429 4509 4803 5092 5165 5315 5389 5609 5632
376 966 1700 1800 2224 2404 2527 2833 2873 3016 3080 3890 4437 4621 5546
393 49 107 1828 2795 2942 3950 4082 4215 4295 4354 6044
392 268 1047 1280 1704 1785 1825 2068 2386 6447 8130
391 38 153 258 1487 1639 1860 2468 2853 3028 4385 4606 7629
390 134 383 616 740 832 1861 2194 2737 2871 3806 3857 7029
397 2051 2367 2415 2639 2815 3034 3465 3649 4101 4668 9086
396 511 618 985 1284 1286 1941 1956 2683 2776 3506 3570 4832 6018
395 348 425 915 1708 1778 2037 2693 2779 2888 3457 3683 4203 4346 5132 5771
394 306 579 1243 1791 2254 2471 2627 2670 3438 3865 4405 4591 6652
82 21 578 2056 2339 2398 2749 3122 3365 3660 5244 5857
83 217 309 542 790 1360 1503 1788 1896 2508 2927 2971 3208
399 65 808 1199 1679 2055 2066 2197 2258 2259 2298 4285 9607
81 574 2482 3129 3202 3860 4538 5330 5432 5461 5475 6283
86 202 213 448 548 992 1964 2080 2102 2110 2408 5163 7806
87 2423 3079 3323 3427 3559 3594 4884 5028 5105 5267 5391 5491 5675 5879 7219
84 787 1535 2120 2432 4089 4166 4318 4594 4688 4747
85 18 677 1665 2300 2390 3401 3420 4041 4820 4829 6331 9230
7 97 117 156 829 1509 1648 3216 3807 4098 4607 8209
245 161 1039 1782 1841 1917 2244 2295 2406 2839 3058 3419 4079 5418 9453
244 1546 1959 2101 2350 2388 3154 4530 4583 4992 5178 5324 5549 5795 8685
247 36 157 935 1311 1891 2535 3063 3156 3430 3572 4110 5917 6074 6178 6671
246 92 642 1312 2387 2630 2773 3593 5024 5179 5460 5746 6511
241 1156 2321 2476 2986 3326 3426 3669 3854 4143 5068 5112 5182 5256 5631 5873 6458 7180
240 1027 1044 1642 2578 3639 4047 4227 4324 4549 4837 4848 5012 7474
243 1616 1734 2039 2673 2735 2739 3462 3913 3993 4369 4430 4492 5172 5192 6045 9075
242 141 249 1334 2617 2666 2727 3138 3339 3375 3487 3702 3743 4198 7864 9713
249 84 458 1201 1458 1688 2143 2782 2856 3143 3321 4951
248 800 2576 3840 4364 4726 4915 5046 5135 5238 5472 5821 7053 8431 9129
458 385 1407 1707 1878 2166 4352 4429 4545 5201 5367 5562 5618 6323
459 315 336 453 831 1026 1580 2896 3636 4235 4396 8121 9007
450 129 726 1121 1684 2841 3013 3479 3921 4513 4887 5209 5484 5898
451 282 302 1590 3074 3560 4060 4310 4912 4921 5414 5415 5479 5603 5885 6130 7759
452 111 168 1211 1731 1845 1922 2397 2503 2541 2645 2897 3729 3895 4399 5998
453 169 978 1315 3607 3610 4964 5065 5259 5448 5529 5545 5754 5893
454 285 507 752 1269 1565 3476 3580 4291 4426 4689 5020 9842
455 6 22 187 260 465 587 1090 1319 1410 2138 2407 2644 2979 4034 4045 5504
456 1304 3292 3817 4337 4498 5148 5595 5635 5739 5908
457 99 701 933 1087 1170 1502 1916 2054 2311 2355 4286 4967 6608
179 209 1196 1282 1332 1847 1955 2029 2368 3468 3497 3663 3873 3880 4625 5318 8599
178 477 695 1255 2352 2422 2798 3109 3131 3719 4918 5128 5313 5742 7013 8125
177 230 534 809 954 1040 1107 1182 1188 1504 4093 4162 5400 5775 6301 7630
176 212 504 1135 1260 1357 1469 2703 3257 3262 4091 4377 4391 5386
175 2506 3250 3277 4161 4373 4542 4858 5282 6087
174 971 1318 1676 3297 3557 3734 4863 5193 5279 5503 5512 5607 6451
173 638 921 2318 2354 4168 4225 4481 4617 4701 4852 5180 5378 6550 8580
172 572 753 1617 2362 3291 3648 3914 4139 4634 4715 4901 5855
171 1294 2159 3379 3847 4022 4048 5274 5275 5470 5928
170 35 650 720 1773 1801 2330 3035 3574 4221 4919 5149
182 1909 2231 2236 3484 4274 4397 4440 4488 4588 5029 6015 7880
183 3014 3999 4075 4707 5129 5130 5186 5594 5606 5627 5673 6187
180 847 1727 3740 4769 4809 5257 5720 5759 5764 5766 6086 7575 7732
181 118 314 1113 1300 1513 2887 2900 3006 3824 3870 4197 5005 5052 5085 5295 5815
186 1393 1760 3265 4106 4971 5464 5659 5744 5787 5809 5811 5820 5981 6296 7280
187 520 697 2245 2567 2676 2993 4163 4679 4930 5394 7820
184 127 416 541 712 1397 3126 3442 3776 4070 4453 4567 4673 6502
185 411 1784 1834 2069 3061 3400 4277 5079 5144 5181 5203 5368 6842
188 392 721 727 1484 1991 2127 2936 3010 3491 3641 4709 7795 9968
189 1390 2214 2742 3041 3240 3388 3716 3924 4343 4382 4670 4684 5278 7519
11 479 872 1019 1912 3749 3756 3805 3825 3886 4240 4298 5122 6218
10 231 433 622 714 2377 2484 2695 3055 3482 3672
13 100 1061 1285 2193 2976 3730 4182 4435 5147 6095 6584 7123
12 278 486 1081 1124 1179 1375 2296 2736 3380 3887 3911 4273 4626 4645 8794
15 2 608 1483 1944 2453 3591 5123 5205 5260 5440 5507 6347
14 619 732 3540 3654 3889 4113 5403 5442 5452 5644 6011 6060 6270
17 0 197 653 729 859 994 1250 1683 2668 2890 4134
16 5 459 1002 1109 1292 3507 3750 3782 3966 4434 4448
19 34 152 194 208 353 386 436 755 869 999 2621 3020 6855
18 120 251 550 1065 1702 1746 2113 3225 3378 3463 3575 3975 4055 4160 4559 4574 4822 5818 6469
322 181 512 887 2363 2376 2536 2680 2875 3029 3937 4255 4787 5993
323 91 1591 3282 3460 3939 4052 4413 4470 4905 5034 5443 6631 7296
320 537 1685 2228 2290 2822 3393 5013 5091 5206 5317 5676 5846 7007
321 510 710 1740 2149 2439 3338 3364 3440 4782 4879 4940 5022
326 184 885 1571 1674 2260 3325 3406 3910 3955 4348 4616 5151 5688 5779 8387
327 219 243 402 761 1136 1416 1689 1936 1940 2437 2591 2636 3690
324 875 1184 1355 1490 1815 1978 2199 2459 2586 3068 6281 8907
325 501 1564 1887 3979 4051 4846 5000 5325 5501 5517 8487
328 95 623 1096 1187 1450 1976 2074 2764 3135 3360 3783 5307 7105
329 77 547 569 879 1348 1814 1833 1930 2675 3136 3496 4107 4196 4313 4340 5082 6853
201 340 463 558 1599 3040 3581 3605 3698 3721 4212 5258 6196 6545 7933
200 505 597 961 1175 1491 1933 1958 2934 3617 4018 4691 5292 7790
203 543 1262 1291 2003 2560 2830 3522 3613 4741 5942 7204
202 559 620 705 1073 1240 1816 2025 3592 3598 3727 4171 4828 5288 6534
205 299 331 855 1074 1259 1265 1492 1610 1750 2312 2507 2522 3023 8116
204 10 585 1392 1473 1671 2273 2577 4280 4528 4758 4814 4898 5421 6509 9545
207 292 1248 1562 1654 1738 2319 2940 4031 4462 4478 4584 4592 4686 5072 5141 6978
206 478 754 882 3161 3644 4657 4696 4702 4764 4836
209 48 228 355 1069 1155 1287 1306 1464 1498 1605 1629 5656 5899
208 2978 4094 4482 5174 5373 5598 5654 5667 5736 5753 5755 6547
77 53 57 955 1440 1596 1774 2985 3096 4026 4222 4386 4535 5240 5331
76 3355 3619 3670 3933 4332 5152 5153 5300 5327 5824 6922
75 2141 2552 2730 3722 3943 4753 5008 5042 5401 5406 5493 5617 5817 7379
74 239 357 379 397 531 683 688 1283 1289 2053 2062 2176 2740 3991 4416 5768
73 160 1275 1862 1995 2723 3153 3490 3578 3622 5117 7320
72 862 950 2547 3165 3337 3568 3612 3625 3642 3744 4872 5352 5979
71 24 1125 1536 2699 4661 5602 5664 5694 5721 5725 5757 5933 6790
70 322 1395 1658 2180 2305 3239 3466 4328 4849 4989 5273 5509 5973
79 560 1131 4968 5365 5395 5399 5519 5561 5623 5626 5719 5728 6113
78 404 717 1540 1592 1822 1872 2164 2766 2791 2988 3039 3083 7751 7762
2 165 722 2091 2235 2866 3210 3418 3815 4351 5490 6262
8 956 1049 3200 3994 4911 4998 5025 5197 5502 5969
258 2219 2623 3354 3668 3853 4300 4614 4883 4946 5436 5662 5686 5708 5889
120 902 1021 1139 2094 2582 2631 3841 4270 5592
121 341 762 867 969 1626 2460 2517 2570 2601 2913 2937 4367 4651 6698
122 582 689 881 1323 1467 1517 3862 3951 5143 5321 5867
123 1553 5173 5357 5425 5782 5789 5799 5834 6875 9023
124 215 283 418 1377 1383 1436 1776 2036 2195 3918 3967 4184 4260 4293 5067 8841
125 446 991 1068 2263 2951 3060 3089 3434 3444 3960 4169 4188 4276 4826 5454 8462
126 564 3662 4457 4623 5354 5729 5750 5765 5778 8883
127 296 556 633 1885 2012 2819 2864 3253 3343 3681 4020 4356 4636 5630 6075 9669
128 98 1205 3382 4014 4421 4749 4811 4954 5305 5427 5471 7049 8069
129 75 192 929 1651 1764 2146 3155 3525 3694 4030 4493 4647 5134 5810
414 203 575 2032 2781 4167 4371 4620 4729 5061 5107 5560 9990
415 667 672 804 898 1060 1331 1563 2182 2265 2299 2846 2966 3094 5099 5106 5434 6413
416 106 693 1062 2169 2816 2954 2990 3134 3948 4044 4475 8711
417 191 1910 4095 4252 4500 4652 5499 5537 5706 6034
410 1032 2659 3317 4546 4580 4793 5039 5438 5574 5665 5774
411 675 1408 1966 2461 2917 3065 3307 3836 4023 4092 4124 5176 5670 6258 7234
412 123 493 631 684 1673 2825 3238 3555 3717 3864 4372 4572 5188 7919
413 1209 3367 3599 4483 4575 4599 4646 5011 5334 7756
498 298 1085 1659 1844 2097 2551 3069 3072 3160 3584 3638 4087 4970 5950
418 639 1493 1818 1963 1974 4120 4181 4860 5115 6244
419 115 403 1008 1325 2292 2698 2726 2754 2768 3168 6083
499 563 838 1418 1621 1762 2534 2715 3324 3458 3925 5483 5604 6611
319 210 409 460 833 1880 1962 2564 2598 2669 2962 3881 4444
318 235 805 839 1046 1123 1138 1207 2369 2806 2933 3098 6643 7001
313 281 1102 1263 1523 2741 2998 3144 3624 3928 4245 4486 4582 5250
312 43 124 140 240 544 820 943 1097 1128 1624 1950 2168 4755 9852
311 78 86 2225 2886 2944 3787 3961 4338 4431 4489 5543 5894 6833
310 70 71 427 514 1028 1038 1142 1404 1429 2382 3861 7710
317 497 1919 2373 3754 3907 4877 5109 5226 5291 5309 5715 5992 8104
316 598 662 747 1965 2065 2646 3070 3763 4037 4562 5110
315 513 774 779 957 2205 2421 2488 2548 2628 2879 3715 7652 9374
314 437 708 893 1751 2336 3335 3370 4187 4327 5523 5539 7434
496 1167 1277 1369 1431 1449 1459 1748 1946 2206 2770 2881 3093 5248 5301 6153 6672 7289
138 474 500 604 1554 2450 2463 2831 2921 3843 4121 5045 7486
3 323 1347 1770 1817 2157 2821 3259 3448 3500 4468 4804
368 733 2256 2620 2792 3294 4476 4609 4766 4993 5055 6062 9903
369 344 942 1454 2007 2569 2894 3073 3832 4548 4610 4797 5051 5157 5335 5923
366 577 1234 1239 2314 2907 3872 4049 4268 4319 4514
367 155 261 771 826 1680 1787 2267 2763 2869 3117 3283 3385 5677 6677
364 311 330 396 562 895 912 1153 1307 1345 1568 1739 2241 2568 2876 4003
365 837 851 1537 2262 2315 2360 2502 3207 4016 4937 5089 6030
362 1695 1913 2079 2496 2530 2874 3350 4194 4521 5643 7126
363 398 1354 1701 1934 2809 2812 2992 3645 3665 3971 4381 4629 7252
360 1351 1372 1560 1623 1733 2137 2147 2217 2452 3230 3499 3549 4189 4699 6920 7782 8812
361 2539 3026 3474 4177 4387 4595 4598 4816 4938 5241 5636 5966 6982
380 636 719 2745 2767 3435 4517 4680 4981 5345 5380 5480 5833 6189
381 772 1530 1981 2899 2967 3145 3714 4173 4637 4810
382 1137 1660 2144 3053 3286 4220 4477 4888 4931 5114 5459 5621 5839 7044 8140
383 861 2100 2709 3052 3158 3410 3868 4153 4205 4237 4244 4455 4923 6336 9160
384 61 1272 1644 2772 2926 3353 3399 3781 4792 4794 5170
385 4392 4618 4785 4935 5306 5541 5577 5727 5743 5865 6765
386 812 1058 1242 1604 1718 1813 2411 3119 3416 3640 4333 4479 4533 6566
387 211 388 525 596 724 903 1132 1758 1829 2034 3236 3547 4730 6528
388 595 2475 2963 3071 3263 3316 4115 4180 4258 4461 4750 4997 5446 5583 5767
389 207 1178 2561 3771 4000 4066 4654 4871 5232 5370 5751 6503 8345
60 1204 2118 2124 2667 4577 5063 5145 5405 5515 5590 5863 9615
61 1728 1808 2151 2778 2895 3252 3576 4200 4380 4674 5223 5531 5758 9443
62 521 1095 1531 1692 1876 3203 3774 3809 3851 4118 4254 5429 5989 8922
259 995 998 1363 2891 3314 3569 4297 4446 4526 4830 6802 9003
64 85 102 432 461 1105 1453 1625 1931 2274 2682 3332 3340 3621 3837
65 76 223 312 736 788 816 878 914 1012 1013 1197 2232 2529 4928
66 189 440 466 1020 1213 1766 1863 2106 2384 3595 8663
67 339 496 2152 2651 3453 3785 4746 4761 4825 4894 5622
68 375 1682 1696 1842 2924 3170 3184 3488 3996 4067 4523 8193
69 9 807 819 1310 1611 1890 2058 3001 3211 3329 3793 4077
250 321 406 473 609 668 926 963 1023 1041 1645 1849 4667 7653
251 651 2852 3221 4172 5272 5608 5696 5786 5805 5838
256 4 1326 1730 2281 2442 2701 2724 2938 4259 4459 6731 8005
257 360 659 1759 2528 3002 3011 4339 5816 8183
254 3174 3423 3751 4853 4979 5015 5522 5524 5591 5628 5716 6748
255 88 266 1157 1335 1497 1711 1856 1935 2301 2549 2649 2930 3084 3989
469 335 570 1016 1140 1314 2226 2327 2493 3289 3391 3931 4068 5097 8470
468 146 206 220 423 1273 1426 1465 1675 1881 2076 2827 3285 3708 7902
465 128 674 962 1835 2514 2685 3678 5196 5382 5426 9197
464 257 1160 1927 2320 2364 3197 4038 4039 4076 5412 5788 7087
467 1158 1672 2345 3349 3518 3827 4129 4491 4711 5532 5657 5808 6681
466 760 1067 1134 2857 3896 4547 4570 4678 4734 4969 5208 6100 9032
461 594 599 606 780 1112 1812 2022 2269 2525 2728 3012 3397 3432 3475 3845 5177
460 996 1149 1297 2803 4191 5266 5314 5741 5814 5819 5845
463 886 1080 1703 1873 3300 3320 3452 4073 4359 4608 5038 6175
462 408 1511 2665 2712 3107 3128 3147 3268 3414 3509 4002 4036 4303 4502 4948 5006
168 1763 2099 2331 3176 3997 4697 4698 5083 5140 5210 5217 5283 5780 6423
169 73 224 232 1790 2008 2661 4450 4842 5236 5264 5407 5439 5600 5897 6298
164 1662 2064 3008 3788 3844 4641 4666 4800 4864 5136
165 199 828 1120 1439 1447 2093 2915 3603 3630 4576 4590 4593 5048 5390 6955
166 332 442 934 1143 1336 1548 1559 2402 2556 2608 2681 2707 3152 7517
167 483 1183 3149 3193 4275 5586 5616 5718 6070
160 354 422 655 2946 3223 5215 5614 5691 5701 6687
161 364 818 1099 1781 1830 1990 2104 3192 3684 4035 5823
162 135 367 784 1412 2107 2972 3301 3632 3768 4774 5098 5150 5185 5393 5734 6149
163 150 183 1015 1036 1161 1387 1633 1811 1945 2021 2335 3270 3545 3877 5797 6216
9 765 1555 1744 3352 3411 3720 4978 5570 5760 5785 5807 5843 6359 7987
357 350 380 1471 1952 3878 4019 4074 4363 4983 5465 5679 5866
356 944 1401 2512 2704 3334 3808 3833 4247 5133 5225 5356 5396 5473 7266
355 137 554 1710 1986 2286 3031 3655 3695 3977 4061 4349 4611
354 12 789 1579 1722 1968 2085 2485 3600 3725 4078 4304 5060 7088
353 113 2868 2885 4723 4733 5371 5511 5578 5579 5680 5740 7992
352 51 853 1394 1584 1678 2061 2279 2588 3113 4407
351 136 337 2309 2409 2755 3762 3905 4025 4185 4464 4520 4831 5349 5513 9930
350 424 823 897 951 1346 2089 2531 2618 2925 3227 3823
359 195 495 1322 1907 2243 2633 2697 2884 3163 3313 3546 3830 5239 5674 7949 8848
358 233 737 746 1495 1749 1874 2266 2379 2401 2426 2713 3175 3303 4111 5762
216 174 445 2189 2230 3357 4305 5078 5204 5384 5569
217 166 214 1339 1359 1839 3614 3689 4288 4495 4524 6403
214 490 1507 1515 2790 3038 3424 4763 4866 5268 5417 5605 5610 6592
215 46 170 196 678 1544 1982 2122 2316 2674 4017 4958 5875
212 64 2533 2610 3274 4058 4176 4737 4743 5031 5235 5270 6184
213 273 849 1101 1270 1593 1915 3381 3753 3965 4040 4103 4953 5369 8092
210 96 1114 2647 3333 3359 3704 3946 4062 5075 5234 5773 8227
211 1276 2210 2908 3422 4193 4388 4658 4907 5137 5265 5280 5375
218 52 783 1146 1235 1534 2178 2840 3508 4065 4239 4433 4662 6141 7736 9107
219 173 238 532 1110 1371 1461 1569 1632 1779 1820 1851 1866 2109 2444
289 430 857 2702 2818 3212 3514 3710 3875 4064 4571 5019 5319 5620
288 2538 2689 3736 4246 4671 4706 5080 5346 5374 5467 5538 5704 6059 6327 9461
4 274 1258 1681 3589 3601 4080 4269 4917 5202 5271 6699
281 216 246 417 2968 3206 4007 4127 4281 4563 5010 5262 5946 6400 7545
280 873 1344 2098 2427 3281 3942 4490 5398 5419 5573 5831 6354 6538
283 293 624 1025 1385 2747 3626 5508 5684 5723 5806
282 1663 1904 2302 2391 3157 4032 4199 4211 4544 4895 5227 5500 6050 6487
285 395 533 1129 1424 2983 3392 3674 3786 5001 5076 5221 5724 5801
284 7 489 1006 2479 2481 5036 5498 5641 5650 8495 9178
287 1556 1667 2170 2532 3139 4142 5093 5125 5629
286 470 626 1299 1399 3007 3121 4099 4705 4817 5158 5377 6057 9931
263 175 3646 4537 4791 4900 5187 5231 5252 5550 5997 6817
262 528 932 2338 2396 3746 3953 4109 4309 4740 4934 6326
261 1271 1518 1613 1795 1894 1906 1921 2105 2748
260 428 429 3066 4272 4786 4949 5059 5326 5441 5516 5685 6696
267 288 899 1230 1594 1969 2073 4057 4456 4885 6144 9013
266 945 1011 3342 4063 4454 4600 4639 4773 5245 5388 5611 6362
265 225 687 745 1384 1647 2716 3929 3949 3957 3964 4465 4683 5027 8994
264 435 457 749 866 1432 1932 2027 2108 2237 2596 2609 2811 3336 5304
269 1063 2000 4374 4754 4845 4920 4950 5116 5166 5312 6082 6470 6967 9600
268 1441 1500 1607 2111 2133 2220 2284 2303 2957 3248 6306
59 171 1228 1398 1877 2009 2562 3345 3711 4499 4780 4984 4985
58 55 715 1119 1550 2947 3944 4982 5017 5428 5433 5474 5599 5671 6669
55 1443 1752 2238 2289 2672 2952 3081 3616 3970 4292 4783 5612
54 37 66 444 634 690 821 1172 1741 1870 2751 2789 3226 4418 5921
57 343 426 644 1210 2072 2190 2340 3132 3229 3623 4130 4307 4977 6635 6827 7055
56 308 1079 2725 3091 3298 3470 4206 5189 5510 5687 5745 5749 6170
51 178 590 1343 1527 2519 3412 3579 3757 3897 4957 5087 5103 5255 5781 6889
50 221 643 792 798 1765 2445 2906 3178 3620 3813 4141 4553 4638 4999
53 394 888 1214 3127 3450 4665 5681 5717 5798 6377
52 50 262 326 1159 1216 1551 3972 3987 4233 4249 4284
63 1000 1879 3133 3658 3826 3884 3902 4027 4209 4757 9848
115 1558 2393 2419 4368 4515 4790 5564 5587 5669 6460
252 494 540 686 706 843 1056 1330 1456 1726 2939 3731 3791 4216 4735
117 81 162 908 970 1305 1470 1732 1923 1929 2087 2787 2932 3602 3766 3988 6454
116 1296 1434 1435 2607 3495 4226 4447 4471 4873 5190 5194 5336 6324 6778 7085 7120 7413
111 552 2381 2813 3048 3288 3899 4398 4480 4568 5803 7845
110 377 410 632 864 979 1376 1582 1786 1903 2372 3251 4539
113 421 1420 1428 1735 2313 2358 2516 2654 3415 3742 4423 5397
253 303 349 581 846 890 1373 1798 2624 2796 2910 3033 3820 4132
119 112 946 1221 1415 1997 2041 2572 2814 3215 3331 3485 3849 5849
118 167 255 280 382 641 1529 1627 1827 1852 2005 2215 2611 5156
429 768 931 1055 1163 1670 2201 2914 3627 3780 4214 6071 6201
428 2328 4508 4856 4966 5213 5298 5463 5496 9138
421 1053 1293 1561 1713 1949 2490 2705 2738 2964 3243 3558 6198 8043
420 1084 2063 2128 2579 2684 2905 4217 4612 5348 5476
423 11 188 237 407 566 723 793 894 907 2014 2732
422 767 858 1035 1093 2584 4071 4383 4796 4908 5118 5242 6785
425 69 549 557 700 1232 1615 1715 2112 2200 2249 2558 4283 7153
424 74 101 324 476 676 1463 2018 2172 2272 2285 2663 3092 6484
427 144 1148 1380 1455 1892 3304 3659 3667 4370 4840 5339 5836
426 901 1261 1641 2425 2844 2948 3237 3267 3767 3876 4266 4449 6374
308 205 393 1088 1281 2010 2175 2297 4395 4566 4656 4692 4714 5050 5126 6980 7456
309 27 138 2403 2836 2883 3377 3395 4512 4685 4767 4838 5995
300 45 682 850 1267 1573 2785 2860 3536 4013 4290 7206
301 300 345 371 603 1278 1365 1729 1754 2125 2808 3205 3792 5053 5207 6226 9043
302 270 922 1743 2208 2275 2347 2478 3834 4522 6401
303 909 1313 1597 1608 1883 2227 2580 2622 3101 4393 6675 7579
304 1030 1165 1257 1539 2016 2033 2040 2202 2436 4156
305 555 2428 2520 2690 3199 3441 3732 4552 4875 4952 4994 5982 6376 9270
306 33 286 854 1614 1905 2043 2337 2614 2752 2774 2977 3003 3842 3963 8248
307 313 399 699 1031 1180 2187 2212 2464 3220 3421 4334 4336 4342 5456 6197
229 1433 2341 2718 2820 3255 4190 4362 4704 5281 5711 5790 9040
228 241 551 565 621 1014 1810 1938 2378 3025 3284 3673 3936 4844 5175 6404
227 2158 2722 3004 3082 3346 3647 4264 4321 4503 4648 5014 7254
226 82 381 1171 2077 4427 4694 4781 4942 5120 5138 6650
225 2246 2861 3260 3319 4083 4207 4473 4581 4933 5861 6099 7147
224 1358 2472 4179 4518 4913 4995 5191 5299 5320 5329 6770
223 627 965 1076 1578 1586 1954 2872 3228 3341 3798 5033
222 438 553 1007 1353 1928 2198 2457 2849 3835 4601 5363 5800
221 2123 2566 3087 3456 3969 4011 4403 4632 4738 4868 4926 5199 5514 7077
220 1003 2587 3712 4320 4815 4851 4859 5142 5486 5556 8325
114 287 449 1043 1177 1474 1521 1767 2148 2414 3322 3551 4843 4959 5214 6625 9573
88 447 696 918 953 1075 1595 1619 1666 1709 1996 2155 2505 2923 4151 5548 5880 6020 6499 7133 9199
89 924 1133 1417 1528 2394 3276 3433 4006 4008 4009 5362 7932
151 44 222 1154 1587 2045 2092 2174 2276 2333 2480 3043 5230 6424
150 2017 2142 2845 4145 4147 4664 4779 4896 4932 5164 5316 5584 5625 5870 9465
153 242 1290 2020 2082 2733 3114 3185 3361 3477 5155
152 39 1004 1018 1352 1984 3054 3846 4251 4425 4485 5424 5784 7068
155 87 227 405 591 983 1034 1106 1362 2049 3100 3446 3532 4004 5860
154 142 320 1103 2028 2116 2136 2282 2383 3502 3606 3656 3932 4088 4350 5233
157 840 1218 1370 1466 1864 2185 2563 2634 2788 2838 3554 3696 5589 6285
156 691 1010 1169 1677 1706 3148 3565 3700 4676 4682 4776 5492 6334
159 718 794 1520 1942 2038 2070 2410 2637 3330 3467 3633 3769
158 1029 1206 1855 2044 2216 3315 3544 3707 5361 5747 6465 7742
112 877 1438 2247 2510 2526 2867 3318 4128 4323 4770 5666 6139
80 949 1320 2006 2592 2734 3866 3885 4157 4615 4700 4798
398 1302 2692 2807 3118 3198 4404 4555 4631 4717 5162 5713 6332 6428
48 269 294 1574 2186 4137 4315 4467 4504 4744 5249 5557 6836
49 1244 1472 1477 1478 1609 1771 2291 3703 3917 4114 4660 6046 6236
46 764 1630 2965 3172 3403 4308 4736 5018 5527 5601 5693 5710 8235
47 145 813 1745 1908 2448 2656 3449 3530 3920 3927 4628 4965 8910
44 291 499 1141 1581 2060 3076 3209 3472 3573 3739 4164 5359 7481 8528
45 2181 2996 3242 3699 3900 4869 5056 5096 5287 5726 7950
42 108 583 635 988 1127 1198 2500 2922 3275 3909 3952 6001 7713
43 469 1070 1538 2088 3261 3973 3974 4072 4123 4955 4996 5383 5647 6321
40 770 917 1488 1653 1664 2501 2961 3047 3111 3299 3417 3777 4108
41 327 342 1052 2786 3247 3312 3384 3429 3856 4878 5224 6054 6084 7179
5 625 1174 1902 2013 2240 2583 2893 3124 4084 4417 4854 5127 5447 5793
489 905 1444 1489 2862 2931 3692 3741 4201 4760 5912 6630 8406
488 25 68 630 757 1152 1168 1268 1317 1756 3249 8332
487 373 588 671 1321 1405 1494 2477 3045 3666 4432 5925 7709
486 441 1108 1519 1836 1854 2542 3287 3799 4365 4541 4909
485 185 640 769 904 1859 2455 3167 3562 4219 4839 5497 5904
484 1017 1552 4347 4771 4987 5453 5489 5494 5521 5559 5683 6351 6970
483 180 896 1225 2521 2955 3246 3504 3577 3755 4420 4561 5468 6053
482 751 1226 1522 1967 2658 2686 2762 2904 3125 3137 4406 5254 8722 9834
481 781 959 976 2559 2794 2889 2902 3995 4411 4494 4506 4821 4834
480 252 414 810 814 1508 1687 2518 2550 2843 3567
472 492 524 1185 1939 2449 2642 3187 4218 4649 4748 4775 6946
473 452 967 975 1697 1925 2114 2483 2593 2805 2851 2898 3374 5566
470 90 517 601 1783 2743 2800 2834 3280 3310 3541 3839 4015 6938
471 264 1803 1868 2420 2720 2994 3077 3169 3201 3372 3628 4400 6537 8439
476 104 522 728 750 1064 2613 2717 2842 3088 3164 3517 3519 5108
477 3 743 1699 1882 2042 3219 3893 4466 4720 4799 6437
474 295 610 649 1009 1742 1797 1821 1953 2023 2095 2270 2575 3604 4294 4326 5698 7167
475 1361 1496 1603 1691 2678 2935 3115 3217 4361 5333 5910 7050
478 62 297 508 600 612 713 2222 3706 3859 4146 4379
479 30 948 1451 1717 1721 3745 4090 4557 4906 4962 5047 5121 5466
