100
24 399 684 991 1059 1088 1156 1181 1186 1252 1306 1428 1489 1630 1655 1657 1668 1685 1730 1745 1794 1941 1959 1980 1983 2002 2024 2026 2043 2057 2064 2090 2104 2133 2701 6887 3756
25 21 30 60 67 74 76 95 108 114 119 150 207 296 327 492 566 767 852 1406 1451 1577 1673 1723 1743 1781 1823 1888 1913 1924 1966 1984 1999 2061 2175 3453 2153
26 153 186 189 245 253 264 282 291 292 316 374 384 398 411 419 486 493 501 510 525 530 539 543 554 561 594 609 612 617 632 655 683 702 711 718 725 737 747 789 948 1077 4247
27 235 340 394 413 627 735 790 821 1072 1108 1160 1201 1329 1385 1393 1405 1427 1468 1476 1491 1621 1633 1634 1721 1757 1803 1883 1922 1934 1938 1975 1981 1994 2180 2200 3585 5926
20 52 72 132 141 157 162 180 194 259 276 281 288 299 312 313 319 331 334 343 364 368 387 389 392 393 400 451 452 462 469 470 482 560 686 2153
21 100 169 246 294 314 344 402 425 445 489 491 505 516 533 553 564 584 643 658 672 676 678 688 690 717 731 765 919 1482 2264 4349 5482
22 369 423 605 808 965 1127 1142 1158 1159 1202 1308 1398 1436 1454 1461 1507 1547 1712 1739 1748 1770 1833 2015 2018 2056 2069 2077 2218 2237 2276 2402 2943 4347 4475 2060
23 386 430 623 833 842 998 1103 1123 1280 1316 1357 1413 1421 1426 1458 1466 1496 1499 1540 1541 1570 1585 1597 1642 1672 1708 1793 1800 2185 2198 4171 4768 7242
28 86 127 255 838 1449 1724 1926 2052 2167 2193 2217 2283 2284 2287 2318 2324 2326 2332 2341 2362 2369 2373 2384 2404 2449 2486 2659 2819 5921
29 1470 1688 1820 2049 2251 2294 2359 2363 2440 2467 2482 2511 2524 2530 2534 2569 2574 2606 2621 2640 2650 2679 2684 2691 2719 2727 2738 2740 2745 2750 2779 2837 3139 3264 6729
0 37 71 249 1916 2071 2257 2333 2337 2378 2455 2509 2556 2557 2716 2718 2752 2753 2760 2761 2788 2798 2817 2833 2849 2853 2863 2867 2915 4487 7055
4 217 325 474 567 1755 2868 2875 2893 2898 2901 2907 2920 2921 2945 2951 2964 2966 2969 2977 2984 2989 2995 2999 3004 3006 3014 3027 3036 3061 3075 3077 3089 3206 3279 6887
8 81 2346 2643 2689 2796 2838 2878 2888 2903 2959 2960 2968 3002 3082 3086 3090 3091 3100 3101 3104 3107 3109 3111 3112 3114 3116 3118 3120 3122 3125 3137 3205 4799
59 5 7 12 25 26 43 46 133 763 923 2188 2430 2485 2583 2736 2737 2783 2866 2956 3126 3127 3128 3143 3145 3146 3150 3155 3159 3167 3171 3174 3193 3600 7585
58 165 195 221 361 465 622 698 934 1271 1377 1411 1498 1529 1530 1544 1647 1696 1749 1788 1808 1813 1827 1921 1923 1927 1990 2012 2020 3110 3379
55 703 756 775 797 828 890 967 976 1030 1032 1141 1144 1194 1256 1313 1317 1492 1546 1556 1566 1567 1578 1636 1650 1691 1761 1785 1786 1789 1821 1836 1847 1848 1878 1904 1968 1996 2000 2047 2145 2651 3102 4977
54 2007 2255 2269 2310 2421 2522 2537 2541 2542 2544 2587 2664 2699 2714 2723 2762 2770 2772 2876 3000 3023 3026 3052 3070 3079 3081 7677 1737
57 238 418 592 593 635 650 651 667 669 704 739 752 809 814 829 840 895 907 925 936 940 958 970 1012 1020 1035 1051 1061 1078 1112 1155 1175 1262 1334 1408 1548 1826
56 174 728 845 1148 1151 1281 1543 1629 1639 1796 1832 1840 1890 2004 2009 2172 2293 2325 2410 2429 2436 2462 2476 2497 2498 2500 2570 2594 2598 2686 2726 2748 2858 3756 5276 1502 2264
51 11 18 20 28 38 49 88 112 138 185 345 780 1164 1342 1383 2008 2249 2266 2268 2288 2425 2613 2620 2756 2804 2826 2938 3084 3176 3183 3186 3189 3222 3700 3756
50 212 257 304 422 740 779 871 988 1013 1289 1332 1369 1400 1441 1527 1574 1690 1695 1702 1710 1862 1895 1970 1973 2063 2078 2087 2121 2229 2304 2563 2780 2825 2841 4178 1482
53 200 271 275 458 536 572 600 606 730 759 796 810 873 874 888 914 927 978 984 1045 1050 1073 1096 1150 1187 1189 1198 1214 1224 1240 1245 1304 1508 1510 1958 2316
52 19 59 85 98 104 175 2568 2852 2929 2948 2970 2974 2983 3207 3210 3212 3213 3214 3218 3219 3225 3232 3234 3241 3250 3253 3256 3259 3261 5499
88 16 45 69 77 109 116 121 167 172 192 203 232 274 301 311 333 356 359 367 431 453 480 521 549 595 628 692 697 713 721 727 729 736 879 929 1263 1809
89 106 113 222 358 376 403 495 547 568 675 695 742 785 887 917 942 1015 1017 1152 1309 1341 1418 1465 1475 1646 1654 1658 1779 1954 5501
82 168 210 237 573 832 844 1260 1279 1506 1937 2345 2567 2607 2656 2657 2676 2717 2859 2871 2880 2905 2918 2922 2982 3021 3049 3144 3151 3220 3243 3263 3268 3270 4500
83 171 318 363 442 449 457 502 529 542 607 626 657 707 751 783 866 900 913 937 950 955 977 979 1011 1029 1039 1047 1071 1082 1125 1225 1232 1269 1273 1275 3244 4613
80 47 107 219 285 309 322 407 421 467 631 647 694 745 836 903 932 983 1043 1054 1055 1057 1081 1083 1086 1090 1137 1140 1171 1204 1246 1285 1311 1319 1330 1363 1751 1799 2060 3106 3807 3975 7624
81 191 532 596 760 776 865 872 997 1021 1092 1105 1117 1120 1138 1176 1272 1339 1367 1375 1473 1526 1528 1564 1581 1595 1596 1620 1707 1753 1863 1900 2136 4841 7117 9584
86 461 511 588 787 802 851 931 971 995 1185 1257 1322 1340 1389 1433 1487 1513 1557 1572 1613 1829 2023 2162 2182 2184 2186 2210 2214 2221 2262 2275 2306 2309 2408 8080
87 164 242 362 396 550 757 902 918 975 994 1084 1219 1222 1248 1253 1287 1302 1392 1412 1415 1453 1501 1503 1555 1563 1579 1605 1711 1742 1804 1884 2045 2076 8271
84 524 679 748 878 912 1009 1196 1659 1738 1777 2013 2034 2215 2223 2246 2263 2282 2308 2314 2329 2393 2433 2451 2465 2558 2564 2566 2590 2626 2642 2649 2665 2693 2697 6769
85 89 131 145 151 173 1093 1517 1617 1908 1944 2065 2131 2397 2409 2414 2447 2514 2562 2604 2660 2667 2673 2680 2692 2722 2730 2792 2808 2834 2854 3408 4102 5959 3975
3 2933 2942 2963 2992 3034 3045 3179 3180 3221 3252 3265 3267 3271 3272 3273 3277 3278 3280 3281 3283 3285 3287 3288 3289 3290 3291 3297 3298 4946 1671 3097
7 156 176 241 243 306 332 380 385 496 552 562 569 580 586 634 706 722 755 817 819 837 839 846 863 886 898 916 999 1000 1052 1315 1801 4371 9517 1290
39 199 795 801 862 1010 1023 1058 1102 1174 1314 1497 1520 1683 1746 1787 1839 1843 1910 1946 1947 1963 2011 2036 2038 2068 2084 2095 2150 2164 2170 2889 3389 3448 5921
38 24 35 79 118 183 3300 3301 3302 3304 3305 3306 3308 3310 3311 3312 3313 3318 3320 3324 3325 3327 3328 3330 3331 3333 3336 3337 3338 3339 3340 3407 7360 2153
33 115 146 159 341 614 701 712 786 811 824 901 908 949 956 1007 1064 1203 1211 1258 1464 1486 1592 1600 1604 1664 1669 1682 1703 1718 1760 1783 1797 1872 1880 1902 1951 2383 3198 3248 4997 9365
32 134 305 317 640 654 691 733 827 881 882 893 928 935 954 1121 1130 1143 1200 1220 1221 1223 1227 1255 1267 1284 1295 1305 1318 1325 1333 1346 1371 1522 1538 1651 2148
31 111 867 869 962 985 1179 1215 1328 1631 1660 1911 1952 1955 1957 2006 2025 2134 2137 2197 2272 2342 2400 2407 2517 2518 2576 2580 2625 2632 2648 2666 2696 2805 2872 3008 3160 5051 5921
30 807 843 1182 1274 1615 1623 1648 1649 1665 1818 1825 1831 1886 1917 1977 2014 2048 2098 2156 2166 2230 2277 2296 2427 2471 2493 2516 2527 2622 2688 2733 2746 2787 3309 9514
37 287 443 472 687 705 754 910 1109 1244 1312 1359 1372 1402 1438 1446 1477 1493 1524 1594 1598 1652 1752 1784 1835 1845 1891 1939 1942 1995 2021 2248 2513 2713 3158 4023 7984
36 57 117 184 188 471 1286 1514 1589 1713 1754 1817 1855 1919 2019 2070 2097 2108 2147 2163 2456 2591 2600 2612 2647 2674 2810 2845 2930 2971 2979 3003 3043 3142 3173 3226 3230 3346 3483 1290 4371
35 6 10 36 48 300 766 1844 1856 2464 2581 2610 2954 3020 3190 3303 3332 3341 3342 3343 3347 3351 3353 3354 3359 3360 3361 3362 3412 3475 583 4247
34 61 335 346 350 602 746 835 847 876 899 920 939 941 990 1004 1091 1149 1165 1251 1301 1344 1390 1459 1521 1534 1545 1583 1587 1601 1612 1627 1653 1670 1701 1715 1729 1768 2138 2955
60 125 129 209 538 744 799 1068 1089 1161 1231 1238 1382 1568 1744 1876 2028 2080 2160 2243 2380 2480 2501 2526 2545 2599 2624 2637 2658 2669 2711 2835 3199 3415 4247 5661 2818
61 793 1368 1378 1444 1774 1782 1851 1864 1865 1931 2092 2235 2328 2388 2426 2437 2458 2484 2505 2555 2584 2592 2609 2634 2636 2683 2705 3054 3211 5101
62 32 39 40 44 55 70 82 142 158 177 206 244 251 272 280 286 490 582 608 644 674 826 853 894 1132 1167 1173 1282 1326 1376 1379 1881 3870 7624 1310
63 93 110 124 136 139 148 160 163 178 202 215 254 260 261 267 279 289 297 308 329 330 336 347 349 352 377 383 395 405 859 968 1236 7892 6165
64 78 179 223 229 270 273 290 355 366 375 390 401 447 466 479 497 534 559 563 565 571 574 575 576 597 621 661 662 700 714 738 741 823 841 1737 1930 3497 9584 5926
65 1798 1853 1903 1956 2016 2022 2143 2239 2445 2475 2478 2525 2553 2654 2670 2706 2791 2829 2847 2894 2912 2944 2994 3013 3033 3040 3067 3076 3094 3095 3129 3165 3293 3378 3424 3975 6459 6729 7055
66 75 97 103 123 140 143 144 149 190 211 213 216 226 236 239 265 278 342 351 382 391 397 404 408 412 420 424 428 434 435 468 473 485 500 517 518 3477 3767 554 1310
67 526 649 663 875 877 961 972 1014 1034 1042 1056 1074 1113 1188 1335 1343 1403 1424 1431 1435 1515 1580 1588 1662 1689 1726 1727 1731 1735 1758 1807 1812 1989 3348
68 128 507 618 855 969 993 1114 1217 1374 1455 1463 1467 1537 1637 1638 1717 1811 1828 1905 1906 2206 2258 2265 2336 2396 2415 2439 2454 2487 2533 2582 6698
69 2 3 31 65 2662 2725 2782 2864 2884 2927 3058 3059 3062 3130 3200 3208 3209 3215 3233 3247 3249 3258 3266 3299 3314 3334 3357 3364 3366 3369 3613 2060
2 477 604 710 723 769 770 820 909 921 952 957 973 1008 1063 1106 1122 1126 1163 1195 1207 1216 1226 1230 1278 1294 1336 1386 1404 1472 1516 1542 1553 1569 1611 1693 1733 1842 1873 1875 2017 2240 2244 3774 7929
6 982 1119 1391 1599 1628 1674 1764 1814 1859 1866 1987 2001 2030 2050 2059 2072 2079 2091 2106 2114 2116 2149 2174 2212 2242 2298 2302 2344 2347 2367 2390 2435 2452 2470 2477 2492 2521 2685 6656 2591
99 201 231 293 527 548 613 664 724 726 772 782 812 870 880 980 1162 1239 1259 1270 1327 1348 1365 1366 1399 1437 1448 1479 1481 1511 1550 1591 1593 1725 1933 2577 3849 6402 708
98 307 750 1069 1423 1893 2039 2110 2154 2224 2392 2395 2494 2605 2663 2675 2712 2729 2739 2765 2821 2827 2934 2972 3048 3056 3064 3083 3323 3621 2486
91 8 9 13 14 33 34 51 53 56 58 62 73 83 91 94 99 130 147 263 266 328 406 463 515 585 610 743 764 818 857 1016 1115 3591
90 302 459 522 781 889 933 1100 1110 1145 1209 1425 1560 1676 1704 1728 1741 1920 1936 1960 1974 2035 2041 2042 2122 2183 2194 2209 2899 3855 1290
93 1822 1978 2099 2130 2181 2256 2267 2399 2473 2488 2803 2809 2890 2913 2924 3030 3115 3153 3163 3194 3260 3282 3358 3367 3368 3370 3371 3381 3428 3849
92 187 252 415 416 446 488 696 768 856 915 926 945 1131 1147 1266 1321 1337 1362 1434 1456 1549 1602 1772 1882 1991 2067 2219 2352 2371 2385 2431 2463 2491 2572 2611 2824 3025 3097 5150
95 339 439 1962 1992 2081 2252 2339 2368 2424 2496 2519 2668 2682 2731 2766 2771 2789 2820 2874 2883 2931 2939 3063 3154 3169 3170 3175 3227 3392 4953 2848 1502
94 92 310 483 1233 1241 1381 1439 1484 1539 1561 1679 1790 1860 2216 2281 2286 2289 2411 2489 2550 2619 2631 2639 2720 2797 2816 2842 2850 2865 2886 2923 3398 4982 138 1671
97 648 673 681 981 1445 1533 1609 1716 1815 1849 1868 2119 2204 2348 2552 2618 2715 2769 2814 2839 2881 2887 2908 2932 2936 2975 2976 3073 3093 3121 3295 4142 6102 4371
96 2292 2327 2510 2523 2560 2585 2623 2704 2807 2811 2855 2897 2906 2928 2947 2949 2987 3017 3066 3085 3117 3141 3181 3184 3224 3237 3239 3246 3275 3292 3335 3404 4656
11 182 432 454 570 601 630 709 734 773 784 947 963 992 1001 1040 1049 1065 1099 1135 1139 1192 1237 1261 1300 1320 1349 1478 1512 1558 1608 1618 1641 1705 1765 1834 2003 2614 3457 3684 6138 6887
10 137 166 218 230 233 269 315 323 354 357 373 417 427 429 433 437 438 441 450 523 528 540 541 546 555 583 616 660 668 708 800 849 1005 2848 3071 5926 1737 3244 2264
13 22 41 986 1925 2190 2241 2285 2307 2311 2376 2466 2735 2790 2793 2843 2911 2978 3096 3099 3196 3254 3257 3262 3284 3372 3373 3374 3376 3377 3383 3384 3388 3416 5367
12 426 498 1031 1169 1208 1235 1396 1407 1531 1575 1867 1879 1914 1929 1969 1976 2074 2089 2124 2125 2159 2176 2192 2227 2323 2354 2387 2405 2413 2434 2529 2709 3818 1310
15 512 535 641 753 834 905 1025 1048 1247 1268 1276 1347 1370 1394 1422 1504 1525 1603 1606 1644 1692 1698 1732 1736 1740 1747 1763 1850 1896 2073 2338 7585 1263
14 240 324 665 1026 1076 1094 1183 1307 1387 1519 1626 1687 1750 1767 1806 1998 2102 2115 2132 2202 2203 2225 2233 2261 2279 2319 2322 2334 2340 2356 2366 2370 2547 3046 3204 5514 1737
17 17 84 90 105 135 154 227 228 321 579 638 666 680 716 803 806 813 860 1024 1177 1277 1414 1471 1485 1554 1584 1590 1663 1706 1769 1810 1816 1898 2171 5381 2848
16 1 4 15 42 50 68 101 805 1986 2812 2937 2973 3011 3149 3178 3201 3228 3255 3365 3385 3390 3391 3394 3401 3402 3405 3409 3413 3414 3417 3420 6165
19 234 248 831 864 1395 1419 1874 2199 2358 2391 2403 2416 2532 2543 2546 2551 2615 2776 2777 2778 2785 2862 2870 2879 2967 2990 3012 3041 3047 3065 3072 3238 4148 2264
18 64 283 338 685 885 906 1070 1095 1243 1457 1857 1909 2033 2040 2051 2105 2146 2157 2165 2196 2290 2520 2540 2589 2628 2741 2869
48 577 1254 1351 1643 1666 1719 1846 1854 1892 1901 1932 1965 1985 1997 2037 2096 2117 2139 2140 2151 2211 2260 2271 2295 2297 2335 2372 2377 2381 2438 2443 2450 2538 3441 3514 6604
49 258 509 514 587 671 699 715 720 1041 1044 1197 1199 1488 1490 1532 1694 1722 1775 1795 1830 1841 1877 1885 1928 1940 1972 1993 2032 2085 2100 2120 2259 2744 2591
46 448 629 959 1098 1178 1242 1293 1450 1565 1576 1582 1586 1709 1802 1935 2010 2046 2101 2123 2126 2144 2250 2291 2343 2355 2361 2379 2420 2593 2757 3831 1502 3097
47 161 220 247 250 256 262 277 284 298 303 320 353 370 379 388 409 455 464 478 481 494 520 537 544 545 556 590 599 603 615 625 633 639 656
44 268 326 337 897 1518 1622 1861 1907 1961 2029 2044 2082 2178 2179 2187 2232 2254 2300 2386 2417 2468 2479 2512 2601 2603 2633 2644 2681 2690 2721 2747 2813 2823 3182 3240 3363 8450
45 198 456 484 499 503 504 519 581 646 771 883 966 1053 1062 1067 1075 1085 1101 1129 1154 1210 1218 1229 1249 1250 1291 1297 1299 1310 1350 1417 1502 2818 7055 1495
42 80 204 295 365 440 558 653 861 884 1003 1006 1018 1107 1111 1136 1191 1324 1338 1352 1356 1364 1420 1429 1460 1462 1469 1474 1552 1632 1656 1771 1887 1889 2141 2848 3097 3244
43 96 1619 1678 2469 2565 2702 2708 2895 2896 2909 2910 3005 3133 3166 3229 3235 3269 3317 3349 3350 3387 3397 3403 3406 3418 3419 3421 3422 3423 3425 3426 3430 5985
40 122 371 642 1345 2191 2234 2365 2389 2732 2763 2795 2952 2991 3044 3053 3055 3080 3098 3131 3136 3156 3195 3217 3236 3251 3286 3315 3345 3380 3400 3443 3849
41 444 620 943 1087 1206 1380 1409 1571 1635 1681 1699 1776 1949 1982 2053 2062 2142 2158 2173 2213 2222 2228 2245 2247 2312 2320 2330 2351 2360 2444 2616 3172 5200
1 360 378 460 749 892 974 1290 1440 1780 1871 1918 1943 2111 2128 2357 2422 2442 2508 2531 2561 2773 2840 2873 2902 2916 2988 2996 2998 3068 3069 3123 3185 3223 3274 3489 2780
5 196 732 1027 1104 1292 1500 1614 1792 1945 2208 2220 2231 2253 2278 2301 2382 2460 2490 2502 2571 2573 2575 2586 2596 2608 2671 2694 2698 2700 2728 2743 2758 2764 2830 3467 3923 1263 3756
9 152 224 414 531 598 619 624 645 659 670 682 792 798 815 858 904 930 953 987 996 1002 1022 1036 1037 1046 1116 1118 1124 1134 1146 1168 1180 1388 6304 6729 3975
77 0 23 27 29 54 63 66 3411 3427 3429 3431 3433 3436 3437 3442 3444 3445 3446 3447 3449 3450 3451 3452 3454 3455 3456 3458 3459 3462 3471 5182 5921
76 777 1080 1355 1410 1432 1535 1675 1858 1870 2155 2226 2236 2364 2419 2446 2504 2588 2638 2724 2734 2759 2802 2836 2844 2851 2856 2860 2892 2961 2980 2985 3060 3088 3470 3992
75 181 208 381 850 911 924 1097 1193 1213 1283 1296 1661 1671 1686 1700 1759 1852 1915 2113 2127 2177 2201 2270 2305 2401 2418 2428 2474 2554 2707 2784 2799 2981 6165 3244 7585
74 197 372 410 475 506 551 578 677 689 719 774 804 822 825 854 868 896 944 989 1060 1066 1079 1133 1170 1172 1184 1234 1298 1303 1401 1416 1447 1480 1610 2274 5526 708
73 87 102 170 193 205 225 476 487 557 636 637 652 693 788 794 816 848 922 1033 1128 1354 1358 1442 1562 1573 1680 1756 1869 1948 1953 1971 2579 2703 2857 3697 6337 867
72 1288 1323 1353 1397 1443 1677 1894 1912 2094 2135 2313 2315 2398 2406 2595 2629 2661 2775 2815 2831 2904 2914 3001 3016 3032 3038 3074 3140 3162 3164 3203 3231 3395 3410 3502 5851
71 155 214 348 436 508 513 589 591 611 762 830 891 938 946 1028 1038 1157 1166 1205 1212 1264 1265 1360 1361 1384 1430 1452 1483 1494 1495 1505 1607 1616 1624 1625 1645 1697 1714 1762 1766 2168 2238 1671
70 1964 2093 2375 2412 2453 2457 2507 2627 2678 2695 2794 2828 2885 2917 2925 2926 2941 2950 2958 3019 3028 3092 3113 3119 3124 3135 3148 3161 3177 3319 3517 5990
79 126 778 2058 2083 2107 2169 2195 2205 2207 2280 2321 2349 2374 2423 2432 2448 2495 2503 2506 2549 2645 2652 2710 2751 2767 2768 2786 2832 2882 2919 2965 2986 3009 3022 3024 3242 5554 968 5926
78 120 758 761 791 951 960 964 1019 1153 1190 1228 1373 1509 1559 1640 1667 1734 1778 1791 1805 1824 1837 1897 1899 1950 1967 1979 1988 2005 2027 2055 2066 2088 2112 2152 2653 3057 6049
