100
24 104 203 269 271 305 426 535 542 605 644 654 680 725 769 826 828 832 857 871 889 904 911 974 977 1011 1018 1066 1072 1118 1145 1151 1167 1174 1195 1321 2060 2264 3756 5926
25 1199 1252 1399 1490 1609 1630 1645 1668 1761 1833 1924 1941 1945 1980 1984 2015 2026 2057 2069 2110 2182 2188 2276 2283 2284 2301 2318 2324 2326 2342 2376 2420 2503 4349 6729
26 158 187 210 234 299 313 328 336 342 379 409 415 434 446 449 488 580 742 778 882 890 913 923 993 1019 1127 1206 1241 1323 1330 1333 1388 1397 1411 1420 3453
27 151 157 228 376 411 417 431 438 443 552 575 623 626 661 667 693 739 849 855 901 920 1004 1091 1146 1221 1301 1345 1365 1381 1507 1522 1529 1539 1580 1718 1732 1735 1954 2116 2700 2780 2889 3389 4371
20 491 618 640 748 907 958 967 1052 1067 1094 1117 1133 1168 1169 1212 1281 1290 1308 1348 1404 1458 1514 1616 1638 1678 1698 1726 1768 1771 1817 1919 2047 2153 2659 2930 2591
21 124 233 325 386 403 474 598 606 683 705 730 845 1010 1087 1098 1103 1105 1152 1222 1245 1261 1271 1293 1350 1371 1402 1445 1513 1540 1553 1585 2169
22 133 389 486 512 620 658 685 687 703 754 787 821 822 843 877 888 893 964 1028 1307 1310 1317 1335 1354 1366 1423 1437 1516 1547 1659 1666 1770 1775 3057 1290 2848 7055
23 462 479 607 671 678 817 851 866 885 1042 1046 1071 1086 1277 1351 1407 1412 1429 1438 1452 1524 1677 1686 1708 1728 1743 1781 1804 1805 1828 1972 1981 1997 2043 2198 3585 6887
28 114 128 144 148 164 272 383 471 478 492 612 621 688 791 830 836 860 914 931 960 975 980 1001 1008 1074 1140 1142 1150 1200 1220 1246 1267 1432 1494 1783 1917 1918 2486 3239
29 153 270 274 278 281 290 329 330 360 393 442 453 490 496 526 569 650 793 880 1000 1015 1149 1157 1378 1697 1802 1803 1811 1820 1866 1867 1902 1908 2212 2216 2487
0 720 756 1040 1137 1143 1422 1462 1687 1884 1893 1916 2071 2080 2108 2288 2332 2334 2340 2362 2369 2382 2395 2428 2440 2449 2462 2482 2691 2825 4102 1502
4 2260 2297 2392 2413 2436 2437 2460 2502 2524 2530 2574 2594 2606 2618 2621 2675 2679 2695 2706 2718 2727 2728 2740 2750 2752 2759 2760 2779 2791 2915 3348
8 1287 1839 1920 1947 2061 2111 2171 2204 2226 2233 2241 2243 2253 2255 2278 2308 2357 2379 2421 2422 2508 2527 2531 2561 2586 2608 2622 2627 2649 2671 2827 7585
59 2104 2187 2231 2237 2479 2485 2629 2692 2732 2758 2765 2773 2783 2798 2817 2828 2830 2833 2836 2856 2863 2866 2868 2875 2881 2887 2901 3052
58 806 850 1248 1614 1827 2064 2155 2319 2393 2451 2476 2497 2498 2534 2556 2570 2598 2599 2609 2619 2639 2640 2686 2719 2726 2748 2847 2956 3514 3097
55 80 88 115 134 146 189 208 218 244 337 366 374 394 402 412 414 416 437 460 522 544 572 573 579 584 599 609 662 900 909 1270 4475 6887
54 884 1039 1489 2197 2291 2407 2544 2571 2589 2633 2638 2643 2644 2650 2666 2684 2699 2711 2712 2714 2723 2745 2770 2772 2797 2802 2816 2824 2851 2882 2885 3060 3613
57 17 38 45 46 54 116 118 126 131 196 197 200 311 349 358 375 404 422 429 448 480 484 567 721 738 740 962 1156 1165 1336 1389 1424 1442 1497 1506 3279 3975 3756
56 177 338 481 707 719 781 804 816 825 868 922 948 950 966 1063 1075 1194 1198 1286 1406 1457 1500 1543 1600 1639 1690 1796 1800 1806 1840 1871 2943 3756 5276
51 1631 1957 2008 2613 2756 2826 2892 2893 2898 2903 2907 2908 2917 2920 2936 2938 2952 2960 2961 2964 2969 2977 2980 2984 2989 2996 2998 3006 3014 3019 3027 3044 3700 3975
50 788 834 1391 1482 1493 1599 1693 1784 1814 1970 2021 2229 2292 2347 2409 2412 2434 2453 2469 2513 2540 2542 2564 2565 2575 2612 2660 2678 3206 1310 7624
53 110 216 252 289 332 380 398 456 461 534 551 674 722 755 760 785 800 807 846 898 999 1021 1035 1056 1077 1081 1097 1100 1136 1207 1218 1228 1278 1294 1296 1299 1408 1434 1762 3102 4023
52 1179 2702 2704 2720 2855 2886 2928 2949 3026 3061 3064 3069 3075 3077 3079 3080 3082 3083 3084 3086 3088 3089 3090 3091 3093 3109 3113 3114 3117 3120 3125 5482 6165
88 714 869 875 928 957 1223 1382 1468 1570 1571 1644 1715 1738 1795 1822 1850 1859 2011 2143 2194 2209 2217 2257 2267 2271 2295 2316 2335 2372 2401 2408 2423 2475 2736 3295 3457 5921
89 466 472 508 596 636 726 733 775 847 943 1020 1036 1120 1121 1134 1154 1172 1193 1201 1255 1318 1340 1426 1431 1459 1479 1480 1495 1601 1654 1733 1734 1757 1823 1861 1896 2019 2120 3818 6138
82 247 494 565 578 841 1124 1300 1329 1530 1606 1615 1649 1759 1937 1983 2093 2095 2124 2173 2179 2518 2567 2592 2656 2661 2676 2693 2717 2739 2769 2814 2880 2967 2976 4997 1671
83 49 69 227 319 365 407 501 589 779 862 891 970 998 1013 1044 1257 1264 1268 1377 1515 1525 1527 1532 1595 1623 1635 1648 1656 3244 3975
80 1012 1034 1043 1055 1129 1138 1144 1217 1237 1240 1386 1454 1572 1584 1625 1786 1815 1846 1858 1911 1926 1961 1976 1978 2056 2059 2062 2063 2119 2136 2147 2168 2219 2614 4656
81 167 209 282 300 355 359 527 576 727 757 764 801 813 829 858 861 932 978 994 1017 1053 1064 1079 1126 1135 1216 1305 1367 1564 1603 1627 1750 2185 3142 9584
86 0 8 13 14 21 24 30 33 50 64 67 68 95 100 112 127 152 154 161 178 199 211 230 245 267 275 277 298 310 345 348 369 381 436 510 961 3046 6304
87 99 257 353 419 470 651 677 949 965 1009 1033 1041 1125 1163 1208 1254 1265 1273 1295 1368 1370 1512 1555 1558 1622 1702 1725 1799 1847 1862 2045 2526 2841 6102 5926
84 204 363 440 455 487 515 776 956 1085 1147 1180 1196 1232 1236 1244 1256 1275 1327 1328 1364 1573 1620 1737 1745 1829 1845 1872 1939 1969 1989 2002 2126 2263 2365 2378 2380 2389 2417 2430 2444 2701 2713 6337
85 938 1398 2144 2397 2432 2652 2667 2730 2792 2831 2926 2973 3024 3076 3085 3104 3116 3123 3128 3135 3137 3143 3145 3146 3148 3150 3155 3156 3159 3161 3170 3177 3225 3379 6729 9584
3 447 1456 1549 2078 2191 2336 2352 2360 2463 2696 2738 2784 2805 2840 2942 2963 2992 3025 3034 3097 3121 3144 3160 3176 3179 3184 3185 3186 3189 3193 3205 3207 3210 3212 3227 3270 5051 6729
7 6 25 35 36 39 47 56 66 89 90 93 98 102 107 109 129 163 184 191 192 198 201 207 223 242 250 276 288 303 331 1315 2744
39 728 741 747 796 872 979 1111 1171 1197 1251 1292 1369 1430 1481 1520 1546 1589 1633 1652 1744 1821 1849 1854 1879 1910 1930 1960 1973 2016 2068 2077 2125 2138 2383 4178 4768
38 3213 3214 3217 3218 3219 3220 3223 3232 3237 3241 3250 3252 3253 3256 3259 3263 3265 3267 3268 3272 3273 3274 3277 3278 3280 3378 2060
33 917 973 1059 1114 1141 1224 1253 1276 1284 1306 1376 1444 1464 1592 1634 1682 1685 1696 1730 1760 1793 1794 1900 2037 2133 2214 2215 2252 2290 2338 2370 2374 2425 2435 2447 2547 3483
32 22 55 97 180 186 215 232 239 262 283 287 307 318 321 339 420 493 520 521 540 615 619 622 645 663 709 717 743 797 812 824 1031 2402 5921 7055
31 43 105 125 141 173 217 222 256 268 301 302 399 408 463 499 506 529 531 549 557 582 590 692 694 697 735 842 881 903 952 1065 1093 1106 7242 2153
30 602 610 625 1026 1132 1610 1717 1904 1933 2076 2385 2647 2733 2735 2743 2762 2785 2808 2812 2853 2867 2888 2937 2941 2951 3065 3129 3131 3149 3167 3174 3178 3234 3246 3271 3283 3289 1263
37 246 263 320 371 385 395 444 594 681 749 827 838 865 886 968 989 1029 1080 1089 1096 1176 1177 1214 1231 1233 1269 1313 1343 1358 1414 1446 1455 1475 1477 1508 1556 1590 2058
36 1238 1528 1797 1897 1936 1940 1966 1986 1996 2097 2151 2163 2180 2377 2506 2810 2843 2979 3043 3173 3200 3226 3230 3285 3287 3288 3290 3297 3304 1310
35 3020 3190 3215 3236 3300 3301 3303 3306 3308 3310 3311 3312 3313 3315 3318 3320 3325 3327 3328 3330 3331 3332 3333 3335 3336 3337 3338 3339 3340 3341 3342 5101
34 333 892 926 939 1007 1025 1338 1488 1534 1575 1587 1612 1624 1647 1665 1700 1731 1742 1747 1813 1851 1878 1891 1921 1942 2070 2073 2081 2115 2184 2227 2248 2265 2270 2300 2339 4347
60 525 758 951 1131 1280 1504 1617 1756 1909 1912 1927 2025 2089 2312 2573 2637 2658 2669 2910 2925 3005 3126 3180 3181 3183 3224 3228 3235 3238 3319 3323 3345 5661
61 266 468 524 564 566 795 815 916 984 1227 1460 1650 1695 1706 1774 1785 1974 2014 2092 2114 2117 2221 2280 2328 2373 2388 2410 2429 2538 3410 3467 6769 1737
62 495 528 710 729 761 783 919 1187 1326 1373 1383 1503 1586 1662 1674 1701 1753 1764 1777 1826 1922 1923 1952 2004 2091 2106 2174 2203 2234 2302 2521 3870
63 944 971 976 1054 1303 1349 1675 1779 1869 2122 2158 2183 2287 2307 2359 2366 2467 2511 2626 2788 2849 2921 2991 3008 3073 3092 3100 3107 3111 3112 3222 3248 3249 3269 3299 3346 3408 1502
64 784 1005 1259 1499 1505 1855 1887 1968 2406 2705 2913 2918 2919 2958 3021 3022 3032 3049 3058 3169 3208 3211 3242 3260 3305 3317 3334 3343 3347 3351 3353 3358 3363 3424 9365
65 183 432 835 963 1108 1230 1247 1385 1467 1491 1594 1628 1637 1655 1664 1679 1694 1798 1853 1895 1903 1934 1938 1955 1956 2040 2098 2132 2200 2348 2478 2654 3767 708
66 947 1164 1250 1289 1413 1418 2055 2139 2210 2311 2443 2491 2509 2568 2569 2579 2590 2664 2710 2761 2793 2845 2852 2911 2922 2933 2945 2971 2988 3041 3096 3118 4487 2591
67 27 58 65 70 77 78 139 155 165 226 258 284 308 323 343 344 387 400 511 519 558 574 614 631 652 670 702 704 746 767 794 818 908 921 929 941 981 1119 1204 1225 1387 2264 5921 1290
68 279 324 357 377 384 424 452 465 502 509 517 592 604 689 724 924 1037 1078 1139 1202 1400 1428 1436 1466 1509 1537 1577 1608 1669 1703 1711 1888 1943 4799 1671
69 3130 3233 3255 3258 3314 3354 3357 3359 3360 3361 3362 3364 3365 3366 3367 3368 3369 3370 3371 3373 3374 3376 3377 3380 3381 3383 3388 3412 3448 1671
2 5 9 12 16 28 59 62 83 94 96 103 179 181 214 264 346 351 362 370 390 458 518 530 536 545 635 639 642 690 699 713 805 940 1352
6 20 34 40 44 86 108 137 145 170 280 294 364 368 391 401 441 648 684 773 789 799 802 853 856 859 876 883 954 1088 1102 1115 1184 1334 1476 7624 9517
99 29 71 79 101 113 119 130 143 160 166 168 175 188 224 312 326 406 433 454 482 503 539 550 555 568 597 608 616 637 686 712 718 1320 3110 1737
98 341 556 641 649 668 915 927 955 1006 1050 1090 1161 1319 1410 1450 1487 1519 1542 1545 1636 1658 1672 1705 1719 1736 1740 1825 1928 1962 2039 2148 5499 7984
91 732 1083 1419 1646 1691 1925 1975 1987 1994 2020 2030 2149 2242 2250 2304 2390 2426 2452 2455 2477 2492 2665 2934 2972 2982 3003 3047 3048 3066 3229 3244 3415 3849
90 140 570 638 646 655 691 896 905 918 1016 1061 1068 1110 1219 1242 1260 1282 1363 1405 1427 1496 1640 1676 1752 1776 1782 1808 1885 1977 1982 1992 2074 2246 2322 2371 2899 7892
93 750 1421 1948 1951 2285 2333 2355 2368 2419 2488 2493 2517 2552 2620 2694 2795 2803 2809 2844 2890 2924 3115 3133 3153 3163 3175 3194 3201 3221 3247 3282 3372 3416 3497 5526
92 106 120 169 176 190 194 205 248 255 293 304 316 356 451 459 507 585 659 698 715 744 752 774 1062 1123 1288 1314 1362 1541 1583 1605 1673 1714 1765 1958 4841 3097
95 1863 2022 2160 2496 2519 2668 2670 2731 2764 2766 2789 2820 2835 2865 2883 2894 2897 2927 2931 3033 3055 3056 3063 3067 3068 3136 3151 3154 3199 3428 3470 3475 4247 2264
94 820 1341 1544 1663 1724 1741 1788 1865 1882 1990 2254 2289 2329 2414 2489 2550 2551 2557 2576 2601 2631 2763 2799 2819 2876 2923 2965 3591 6459 2848
97 241 259 273 297 334 335 373 430 497 559 603 630 695 734 770 1002 1049 1095 1112 1192 1258 1395 1478 1492 1533 1538 1548 1563 1591 1868 2653 4142 7117
96 249 354 504 548 593 737 753 1175 1316 1339 1361 1374 1417 1461 1526 1621 1766 1946 2000 2003 2087 2088 2099 2102 2213 2235 2240 2251 2294 2309 2330 2471 2818 3204 4148 1502
11 41 51 61 75 84 111 136 142 231 254 327 347 372 475 477 653 657 664 762 792 810 844 902 934 945 988 1092 1122 1155 1162 1183 2905 5501
10 560 823 870 1392 1453 1560 1660 1667 1692 1707 1727 1739 1848 2018 2023 2046 2405 2411 2457 2466 2520 2533 2558 2628 2778 2804 2821 2838 2850 2871 2872 2896 3071 3477 4171 5926 1737
13 2464 2546 2582 2587 2663 2725 2737 2790 2794 2947 2978 3081 3099 3196 3209 3251 3254 3257 3262 3275 3284 3324 3384 3385 3390 3391 3392 3394 3400 3401 3404 3420 3600 2264
12 213 221 322 413 421 423 427 595 613 624 632 647 701 731 736 790 803 878 910 992 1038 1082 1084 1226 1229 1298 1401 1435 1531 1550 1613 1657 1791 1856 1906 1914 1929 2007 2159 2177 2431 2757 1263
15 7 19 63 72 92 150 182 202 212 219 265 361 450 469 513 537 561 586 601 628 660 672 700 766 772 854 863 982 1024 1027 1101 1109 1463 7585
14 185 1641 1834 1998 2181 2205 2225 2245 2279 2286 2354 2465 2555 2560 2583 2595 2636 2815 2870 2873 2906 2914 2968 2975 2985 2986 3000 3001 3009 3017 3074 3162 6604 2153
17 547 617 665 759 1030 1279 1390 1396 1433 1439 1471 1485 1498 1574 1710 1769 1816 1835 1898 1971 2010 2033 2072 2130 2145 2202 2224 2232 2296 3621 5554
16 848 1116 1576 1681 1709 1748 1754 1959 1985 2001 2083 2096 2107 2247 2268 2349 2495 2549 2645 2746 2751 2767 2786 2832 2983 3054 3243 3309 3443 5851 3097
19 1181 2193 2364 2391 2403 2532 2543 2580 2607 2634 2673 2776 2777 2879 2916 2987 3012 3030 3072 3095 3119 3124 3127 3141 3165 3171 3195 3203 3302 3407 554 3244
18 879 1243 2036 2128 2146 2154 2207 2222 2323 2375 2387 2404 2416 2470 2523 2651 2657 2680 2682 2688 2753 2811 2834 2839 2854 2874 2929 2990 2995 3036 3045 3053 3266 5381 4371
48 745 751 768 852 887 936 990 1023 1057 1069 1104 1159 1191 1234 1283 1302 1312 1344 1375 1394 1510 1554 1593 1653 1809 1810 1907 2041 2084 2178 2249 2305 2325 2337 2450 2593 2955 3684 4247 5514 3756
49 675 763 839 895 959 969 996 1107 1186 1325 1569 1604 1671 1716 1767 1842 1844 1857 1883 2032 2238 2239 2367 2516 2581 2662 2681 2782 2864 2954 3011 5959 6165
46 925 1324 1356 1451 1944 2101 2167 2361 2446 2525 2529 2545 2553 2729 2813 2837 2862 2912 2932 2944 2950 2966 2994 3002 3013 3023 3028 3040 3059 3062 3094 3264 3831
47 174 229 457 514 985 995 1032 1048 1249 1347 1425 1521 1582 1618 1642 1680 1689 1843 1873 1899 1965 1967 2034 2038 2199 2208 2266 2269 2310 2321 2351 2358 2685 2768 3106
44 1070 1379 1448 1561 1578 1588 1651 1953 2050 2082 2196 2293 2563 2577 2603 2625 2690 2698 2707 2721 2747 2823 2829 2884 2948 2970 2974 2999 3004 3070 3098 3122 3182 3240 3261 3298 3855
45 1 2 3 4 11 15 18 23 26 31 32 37 42 48 52 53 57 60 73 74 76 81 82 85 91 117 121 122 123 132 135 138 156 162 171 193 206 236 243 309 554 899
42 588 708 935 1263 1357 1449 1643 1713 1729 1778 1789 1999 2100 2141 2150 2228 2320 2341 2344 2384 2400 2484 2494 2501 2505 2514 2537 2584 2604 2624 2632 3172 3441 7677
43 1128 1876 1988 2473 2480 2611 2859 2904 3016 3038 3140 3164 3166 3231 3291 3292 3349 3350 3387 3395 3397 3402 3403 3405 3406 3409 3413 3414 3417 3418 3419 3421 3423 3426 3447 5985 2848 3975
40 306 317 388 405 777 972 1022 1047 1722 1787 1792 1880 2005 2137 2345 2442 2454 2510 2512 2541 2566 2585 2596 2600 2623 2648 2674 2807 3286 3849
41 382 516 553 627 634 643 814 942 1058 1148 1211 1213 1262 1322 1441 1511 1626 1699 1712 1723 1751 1763 1824 1837 1877 1932 1964 1991 2027 2134 3807
1 159 237 251 296 396 397 425 435 464 505 533 543 591 600 633 831 946 1060 1185 1189 1309 1403 1440 1473 1581 1632 1901 1915 2140 2572 3198 6887 1290
5 10 149 195 240 285 286 295 314 611 696 711 716 780 786 809 864 874 930 933 937 953 986 1014 1051 1076 1153 1173 1209 1274 867
9 340 656 676 808 873 912 991 1158 1170 1380 1393 1409 1517 1518 1565 1602 1619 1661 1790 1812 1860 1864 1881 1892 1905 1949 1995 2006 2013 2017 2024 2035 2053 2065 2079 2170 2258 2562 5862
77 3281 3293 3411 3422 3425 3427 3429 3430 3431 3433 3436 3437 3442 3444 3445 3446 3449 3450 3451 3452 3454 3455 3456 3458 3459 3462 3463 3471 3478 6656 5921
76 563 867 1045 1160 1203 1297 1342 1355 1359 1372 1501 1535 1683 1749 1780 1830 1836 1870 2105 2176 2192 2223 2275 2281 2504 2588 2697 2708 2709 2716 2722 2734 2902 3849 3992 6402 2060
75 147 235 392 489 562 583 587 679 1073 1130 1178 1337 1670 1841 1874 2085 2113 2127 2363 2381 2418 2445 2448 2474 2490 2500 2554 2605 2610 2616 2642 2715 2771 2787 2858 2981 6165 968
74 811 1182 1188 1210 1285 1304 1332 1346 1447 1596 1807 1818 1831 1886 1963 1979 2048 2112 2131 2156 2166 2230 2272 2274 2277 2356 2386 2398 2427 2468 2522 2848 3139 5150 4247
73 1003 1311 1472 1484 1562 1611 1875 2028 2172 2201 2211 2244 2259 2346 2424 2438 2615 2689 2703 2724 2741 2796 2842 2857 2860 2869 2878 2895 2909 2939 2959 3101 3774 5926
72 428 798 1190 1215 1353 1360 1384 1416 1443 1483 1552 1566 1598 1704 1758 1852 1889 1894 1931 1993 2029 2052 2094 2135 2152 2195 2218 2261 2262 2306 2313 2315 2343 2433 2507 2775 3398 138 6729
71 225 350 439 445 523 541 546 571 581 723 771 833 906 983 1099 1166 1239 1266 1272 1470 1474 1567 1568 1607 1688 1721 1746 1755 1772 2067 2591
70 253 315 367 378 410 577 629 666 840 1113 1486 2012 2090 2121 2123 2157 2186 2206 2236 2256 2298 2314 2396 2399 2415 2439 2456 2458 2683 3158 708
79 87 220 238 260 291 418 473 476 483 485 498 500 532 538 669 673 682 706 782 819 837 894 897 997 1205 1235 1415 1557 1579 3923 4371 8080
78 172 261 292 352 467 765 987 1291 1465 1469 1502 1559 1597 1629 1801 1832 1890 1913 1935 1950 2009 2042 2044 2049 2051 2066 2142 2162 2164 2165 2175 2190 2220 2282 2327 6049 7055 1310 3244
